0  38.6215
0  38.5622
0  37.2106
0  37.2106
0  37.2106
0  32.9455
0  37.2106
0  32.9455
0  34.3323
0  34.3323
0  34.3034
0  34.3908
0  34.3034
0  34.3908
0  35.4816
0  35.4816
0  35.4816
0  35.4816
0  34.6294
0  34.6294
0  34.6294
0  34.6294
0  32.9455
0  5.20561e-07
0  32.9455
0  7.39058e-07
0  27.9765
0  28.012
0  28.012
0  27.9765
0  23.1083
0  23.1083
0  23.1022
0  23.1022
0  5.95575
0  5.95464
0  30.4815
0  30.4902
0  30.4815
0  30.4902
0  30.4815
0  30.4902
0  30.4815
0  30.4902
0  5.95575
0  5.95464
0  24.5076
0  27.9069
0  27.9069
0  24.5076
0  24.5076
0  27.9069
0  24.5076
0  27.9069
0  28.4844
0  28.4844
0  28.4844
0  28.4844
0  28.4834
0  28.4834
0  28.4834
0  28.4834
0  4.05815
0  4.05815
0  4.05815
0  4.05815
0  11.159
0  11.1584
0  11.1584
0  11.159
0  14.3775
0  14.3775
0  14.3677
0  17.5109
0  14.3677
0  17.5109
0  8.73043
0  7.97006
0  8.73043
0  7.97006
0  8.73043
0  8.73043
0  7.97006
0  7.97006
0  10.218
0  10.218
0  10.218
0  10.218
0  14.2095
0  10.2158
0  14.2095
0  10.2158
0  10.2158
0  14.2095
0  14.2095
0  10.2158
0  20.5247
0  20.5247
0  20.5247
0  20.5376
0  20.5376
0  20.5376
0  20.5247
0  20.5376
0  17.1462
0  19.2394
0  19.2394
0  19.2394
0  17.1462
0  19.2394
0  17.1462
0  17.1462
0  15.792
0  15.7903
0  15.792
0  15.792
0  15.7903
0  15.7903
0  15.792
0  15.7903
0  18.5956
0  18.5956
0  18.5956
0  18.5956
0  18.5968
0  18.5968
0  18.5968
0  18.5968
0  38.6215
0  38.5622
0  37.2106
0  37.2106
0  37.2106
0  37.2106
0  34.3323
0  34.3323
0  34.3034
0  34.3908
0  34.3034
0  34.3908
0  35.4816
0  34.6294
0  35.4816
0  34.6294
0  35.4816
0  34.6294
0  35.4816
0  34.6294
0  28.012
0  27.9765
0  32.9455
0  32.9455
0  32.9455
0  32.9455
0  1.03369e-06
0  -nan
0  28.012
0  27.9765
0  30.4902
0  30.4815
0  30.4902
0  30.4815
0  30.4815
0  30.4902
0  30.4902
0  30.4815
0  23.1022
0  23.1083
0  23.1022
0  23.1083
0  5.95464
0  5.95575
0  5.95464
0  5.95575
0  27.9069
0  24.5076
0  27.9069
0  24.5076
0  27.9069
0  24.5076
0  27.9069
0  24.5076
0  28.4834
0  28.4834
0  28.4834
0  28.4834
0  28.4844
0  28.4844
0  28.4844
0  28.4844
0  4.05815
0  4.05815
0  4.05815
0  4.05815
0  11.159
0  11.1584
0  11.159
0  11.1584
0  7.97006
0  8.73043
0  7.97006
0  8.73043
0  7.97006
0  8.73043
0  7.97006
0  8.73043
0  14.3677
0  14.3775
0  14.3677
0  14.3775
0  17.5109
0  17.5109
0  10.2158
0  10.218
0  10.2158
0  10.218
0  10.218
0  10.2158
0  10.218
0  10.2158
0  20.5247
0  14.2095
0  20.5247
0  14.2095
0  20.5247
0  14.2095
0  20.5247
0  14.2095
0  20.5376
0  20.5376
0  20.5376
0  20.5376
0  19.2394
0  19.2394
0  19.2394
0  19.2394
0  17.1462
0  17.1462
0  17.1462
0  17.1462
0  15.792
0  15.792
0  15.7903
0  15.7903
0  15.7903
0  15.792
0  15.792
0  15.7903
0  18.5968
0  18.5956
0  18.5968
0  18.5956
0  18.5968
0  18.5956
0  18.5956
0  18.5968
0.05  38.6187
0.05  38.5593
0.05  38.6187
0.05  38.5593
0.05  37.1591
0.05  37.262
0.05  37.262
0.05  37.1591
0.05  37.2072
0.05  37.2092
0.05  37.2092
0.05  37.2072
0.05  35.5136
0.05  35.4502
0.05  35.5136
0.05  35.4502
0.05  35.4778
0.05  35.4775
0.05  35.4778
0.05  35.4775
0.05  32.7208
0.05  33.1691
0.05  32.7208
0.05  33.1691
0.05  32.9427
0.05  32.9405
0.05  32.9405
0.05  32.9427
0.05  34.6421
0.05  34.1934
0.05  34.6421
0.05  34.1934
0.05  34.2218
0.05  34.6171
0.05  34.2218
0.05  34.6171
0.05  34.6246
0.05  34.6246
0.05  34.6246
0.05  34.6246
0.05  34.4427
0.05  34.4427
0.05  34.4134
0.05  34.4134
0.05  34.3909
0.05  34.3909
0.05  34.3858
0.05  34.3858
0.05  30.6874
0.05  30.6787
0.05  30.6787
0.05  30.6874
0.05  30.5549
0.05  30.5639
0.05  30.5549
0.05  30.5639
0.05  30.4094
0.05  30.2834
0.05  30.4094
0.05  30.2834
0.05  30.4178
0.05  30.2922
0.05  30.4178
0.05  30.2922
0.05  28.7316
0.05  28.7325
0.05  28.7325
0.05  28.7316
0.05  28.5139
0.05  28.5149
0.05  28.5139
0.05  28.5149
0.05  28.4539
0.05  28.4548
0.05  28.4548
0.05  28.4539
0.05  27.7792
0.05  27.8142
0.05  27.7792
0.05  27.8142
0.05  28.1729
0.05  28.2087
0.05  28.1729
0.05  28.2087
0.05  28.2337
0.05  28.2346
0.05  28.2337
0.05  28.2346
0.05  27.6413
0.05  27.6413
0.05  27.9073
0.05  27.9073
0.05  27.9073
0.05  27.9073
0.05  28.1705
0.05  24.6857
0.05  28.1705
0.05  24.6857
0.05  24.5042
0.05  24.5042
0.05  24.5047
0.05  24.3317
0.05  24.5047
0.05  24.3317
0.05  23.2563
0.05  23.2626
0.05  23.2563
0.05  23.2626
0.05  22.9501
0.05  22.9561
0.05  22.9501
0.05  22.9561
0.05  0.0988778
0.05  0.0988778
0.05  0.194192
0.05  0.194192
0.05  4.16499
0.05  3.95171
0.05  3.95171
0.05  4.16499
0.05  4.05954
0.05  4.05954
0.05  4.05954
0.05  4.05954
0.05  5.87152
0.05  6.0391
0.05  5.87152
0.05  6.0391
0.05  5.87258
0.05  6.04025
0.05  5.87258
0.05  6.04025
0.05  7.76101
0.05  8.60194
0.05  7.76101
0.05  8.60194
0.05  7.97233
0.05  7.97233
0.05  7.97233
0.05  7.97233
0.05  8.85956
0.05  8.85956
0.05  8.17987
0.05  8.17987
0.05  8.73138
0.05  8.73138
0.05  8.73138
0.05  8.73138
0.05  11.3039
0.05  11.3032
0.05  11.3039
0.05  11.3032
0.05  11.016
0.05  11.0166
0.05  11.016
0.05  11.0166
0.05  10.0915
0.05  10.0894
0.05  10.0915
0.05  10.0894
0.05  10.1443
0.05  10.1463
0.05  10.1463
0.05  10.1443
0.05  10.289
0.05  10.2913
0.05  10.2913
0.05  10.289
0.05  10.3433
0.05  10.3454
0.05  10.3433
0.05  10.3454
0.05  20.6832
0.05  20.6965
0.05  20.6965
0.05  20.6832
0.05  20.6837
0.05  20.6966
0.05  20.6837
0.05  20.6966
0.05  20.3647
0.05  20.3777
0.05  20.3647
0.05  20.3777
0.05  20.3805
0.05  20.3805
0.05  20.368
0.05  20.368
0.05  19.3273
0.05  19.3273
0.05  19.2367
0.05  19.2367
0.05  19.2367
0.05  19.2367
0.05  19.1537
0.05  19.1537
0.05  18.8204
0.05  18.8216
0.05  18.8204
0.05  18.8216
0.05  18.671
0.05  18.6698
0.05  18.671
0.05  18.6698
0.05  18.5234
0.05  18.5245
0.05  18.5245
0.05  18.5234
0.05  18.3737
0.05  18.3725
0.05  18.3737
0.05  18.3725
0.05  14.0743
0.05  14.0743
0.05  14.5122
0.05  14.5021
0.05  14.5122
0.05  14.5021
0.05  14.3437
0.05  14.3437
0.05  14.2443
0.05  14.2347
0.05  14.2443
0.05  14.2347
0.05  15.65
0.05  15.6517
0.05  15.6517
0.05  15.65
0.05  15.9314
0.05  15.714
0.05  15.714
0.05  15.9314
0.05  15.9297
0.05  15.7124
0.05  15.9297
0.05  15.7124
0.05  15.8721
0.05  15.8702
0.05  15.8721
0.05  15.8702
0.05  17.5084
0.05  17.5084
0.05  17.512
0.05  16.8939
0.05  17.512
0.05  16.8939
0.05  17.1471
0.05  17.1471
0.05  17.3998
0.05  17.1471
0.05  17.3998
0.05  17.1471
0.05  14.2105
0.05  14.2105
0.05  14.2105
0.05  14.2105
0.1  38.6109
0.1  38.5502
0.1  38.5502
0.1  38.6109
0.1  37.3135
0.1  37.1078
0.1  37.3135
0.1  37.1078
0.1  37.203
0.1  37.1992
0.1  37.203
0.1  37.1992
0.1  35.5462
0.1  35.4194
0.1  35.5462
0.1  35.4194
0.1  35.466
0.1  35.4654
0.1  35.466
0.1  35.4654
0.1  32.4953
0.1  33.3914
0.1  32.4953
0.1  33.3914
0.1  34.0833
0.1  34.1112
0.1  34.0833
0.1  34.1112
0.1  34.6551
0.1  34.6551
0.1  34.3914
0.1  34.5231
0.1  34.3914
0.1  34.5231
0.1  34.5528
0.1  34.5528
0.1  32.9277
0.1  32.9277
0.1  32.9321
0.1  32.9321
0.1  34.6051
0.1  34.6051
0.1  34.6103
0.1  34.6103
0.1  34.6103
0.1  34.6103
0.1  34.3708
0.1  34.3708
0.1  30.8835
0.1  30.8749
0.1  30.8749
0.1  30.8835
0.1  30.6295
0.1  30.6389
0.1  30.6389
0.1  30.6295
0.1  30.3466
0.1  30.3386
0.1  30.3386
0.1  30.3466
0.1  30.0934
0.1  30.0846
0.1  30.0846
0.1  30.0934
0.1  28.9778
0.1  28.9787
0.1  28.9787
0.1  28.9778
0.1  27.6156
0.1  27.6156
0.1  27.5811
0.1  28.5463
0.1  27.5811
0.1  28.5463
0.1  28.5451
0.1  28.5451
0.1  28.3681
0.1  28.3681
0.1  28.4043
0.1  28.4043
0.1  28.4252
0.1  28.426
0.1  28.4252
0.1  28.426
0.1  27.9824
0.1  27.9834
0.1  27.9824
0.1  27.9834
0.1  27.9083
0.1  27.9083
0.1  27.9083
0.1  27.9083
0.1  27.3739
0.1  27.3739
0.1  28.432
0.1  24.866
0.1  28.432
0.1  24.866
0.1  24.4947
0.1  24.4956
0.1  24.4947
0.1  24.4956
0.1  24.1581
0.1  24.1581
0.1  23.4188
0.1  23.4124
0.1  23.4188
0.1  23.4124
0.1  22.8
0.1  22.8059
0.1  22.8059
0.1  22.8
0.1  0.197765
0.1  0.197765
0.1  0.388403
0.1  0.388403
0.1  3.84565
0.1  4.27222
0.1  3.84565
0.1  4.27222
0.1  4.06371
0.1  4.06371
0.1  4.06371
0.1  4.06371
0.1  5.79077
0.1  5.78974
0.1  5.78974
0.1  5.79077
0.1  6.12605
0.1  6.12486
0.1  6.12605
0.1  6.12486
0.1  7.55271
0.1  7.55271
0.1  7.97914
0.1  7.97914
0.1  7.97914
0.1  7.97914
0.1  8.47409
0.1  8.47409
0.1  8.98933
0.1  8.98933
0.1  8.39047
0.1  8.39047
0.1  8.73426
0.1  8.73426
0.1  8.73426
0.1  8.73426
0.1  9.9638
0.1  9.9659
0.1  9.9659
0.1  9.9638
0.1  10.0744
0.1  10.0763
0.1  10.0744
0.1  10.0763
0.1  10.3663
0.1  10.4737
0.1  10.4737
0.1  10.3663
0.1  10.4716
0.1  10.3639
0.1  10.4716
0.1  10.3639
0.1  10.8767
0.1  11.4505
0.1  11.4505
0.1  10.8767
0.1  10.8761
0.1  11.4511
0.1  10.8761
0.1  11.4511
0.1  20.8575
0.1  20.8544
0.1  20.8575
0.1  20.8544
0.1  20.8436
0.1  20.8436
0.1  20.8418
0.1  20.8418
0.1  20.2039
0.1  20.2253
0.1  20.2253
0.1  20.2039
0.1  20.2133
0.1  20.217
0.1  20.2133
0.1  20.217
0.1  19.4173
0.1  19.4173
0.1  19.2286
0.1  19.2287
0.1  19.2287
0.1  19.2286
0.1  19.047
0.1  19.047
0.1  19.0482
0.1  19.0703
0.1  19.0482
0.1  19.0703
0.1  18.7458
0.1  18.7471
0.1  18.7458
0.1  18.7471
0.1  18.453
0.1  18.454
0.1  18.454
0.1  18.453
0.1  18.1511
0.1  18.1523
0.1  18.1511
0.1  18.1523
0.1  13.9381
0.1  13.9381
0.1  14.1031
0.1  14.1031
0.1  14.1125
0.1  14.4769
0.1  14.1125
0.1  14.4769
0.1  14.6379
0.1  14.6379
0.1  14.6481
0.1  14.6481
0.1  17.5007
0.1  17.5007
0.1  15.5088
0.1  15.5106
0.1  15.5106
0.1  15.5088
0.1  15.6365
0.1  15.6379
0.1  15.6365
0.1  15.6379
0.1  16.0697
0.1  16.068
0.1  16.0697
0.1  16.068
0.1  15.954
0.1  15.9521
0.1  15.9521
0.1  15.954
0.1  17.5152
0.1  17.5152
0.1  17.1498
0.1  17.1498
0.1  16.6428
0.1  17.1498
0.1  16.6428
0.1  17.1498
0.1  14.2135
0.1  14.2135
0.1  14.2135
0.1  14.2135
0.1  17.6547
0.1  17.6547
0.15  38.5997
0.15  38.5335
0.15  38.5997
0.15  38.5335
0.15  37.3649
0.15  37.3649
0.15  37.0566
0.15  37.1921
0.15  37.0566
0.15  37.1921
0.15  37.1864
0.15  37.1864
0.15  35.5794
0.15  35.3892
0.15  35.5794
0.15  35.3892
0.15  35.4464
0.15  35.4455
0.15  35.4464
0.15  35.4455
0.15  33.6123
0.15  33.6123
0.15  33.9733
0.15  33.9733
0.15  34.0008
0.15  34.0008
0.15  34.6686
0.15  34.6686
0.15  34.6626
0.15  34.6626
0.15  34.6324
0.15  34.6324
0.15  34.3921
0.15  34.3921
0.15  32.9072
0.15  32.9072
0.15  32.9136
0.15  32.9136
0.15  34.5935
0.15  34.5935
0.15  34.5864
0.15  34.5864
0.15  34.5865
0.15  34.5865
0.15  32.269
0.15  32.269
0.15  34.3458
0.15  34.3458
0.15  31.0783
0.15  31.0699
0.15  31.0783
0.15  31.0699
0.15  30.7053
0.15  30.7151
0.15  30.7053
0.15  30.7151
0.15  30.2767
0.15  30.2691
0.15  30.2767
0.15  30.2691
0.15  29.8941
0.15  29.8853
0.15  29.8941
0.15  29.8853
0.15  29.222
0.15  29.2229
0.15  29.222
0.15  29.2229
0.15  28.5985
0.15  28.5985
0.15  28.3974
0.15  28.3974
0.15  28.3981
0.15  28.3981
0.15  28.562
0.15  28.562
0.15  28.5773
0.15  28.5785
0.15  28.5773
0.15  28.5785
0.15  27.3823
0.15  27.3823
0.15  27.4163
0.15  27.4163
0.15  28.6911
0.15  28.6911
0.15  27.7298
0.15  27.7308
0.15  27.7298
0.15  27.7308
0.15  27.91
0.15  27.91
0.15  27.91
0.15  27.91
0.15  27.1049
0.15  27.1049
0.15  24.4789
0.15  24.4803
0.15  25.0485
0.15  25.0485
0.15  24.4789
0.15  24.4803
0.15  23.9867
0.15  23.9867
0.15  23.5705
0.15  23.577
0.15  23.5705
0.15  23.577
0.15  22.652
0.15  22.6577
0.15  22.652
0.15  0.296672
0.15  0.296672
0.15  22.6577
0.15  0.582652
0.15  0.582652
0.15  3.73996
0.15  4.37986
0.15  3.73996
0.15  4.37986
0.15  4.07064
0.15  4.07064
0.15  4.07064
0.15  4.07064
0.15  5.70935
0.15  5.71033
0.15  5.70935
0.15  5.71033
0.15  6.21314
0.15  6.21191
0.15  6.21314
0.15  6.21191
0.15  7.34514
0.15  8.3469
0.15  7.34514
0.15  8.3469
0.15  7.99048
0.15  7.99048
0.15  7.99048
0.15  9.11974
0.15  7.99048
0.15  9.11974
0.15  8.73904
0.15  8.73904
0.15  8.73904
0.15  8.73904
0.15  8.60187
0.15  8.60187
0.15  9.84128
0.15  9.8392
0.15  9.84128
0.15  9.8392
0.15  11.6001
0.15  10.0062
0.15  11.6001
0.15  10.0062
0.15  11.6008
0.15  10.0079
0.15  11.6008
0.15  10.0079
0.15  10.4429
0.15  10.4403
0.15  10.4403
0.15  10.4429
0.15  10.6009
0.15  10.603
0.15  10.6009
0.15  10.603
0.15  10.7388
0.15  10.7393
0.15  10.7388
0.15  10.7393
0.15  21.0202
0.15  21.0202
0.15  20.9986
0.15  21.0111
0.15  21.0111
0.15  20.9986
0.15  21.0059
0.15  21.0059
0.15  20.072
0.15  20.0425
0.15  20.0425
0.15  20.072
0.15  20.0605
0.15  20.0605
0.15  20.0557
0.15  20.0557
0.15  13.8012
0.15  13.8012
0.15  13.9821
0.15  13.9729
0.15  13.9821
0.15  13.9729
0.15  19.5096
0.15  19.5096
0.15  19.2764
0.15  19.2752
0.15  19.2764
0.15  19.2752
0.15  19.2154
0.15  19.2153
0.15  19.2154
0.15  19.2153
0.15  18.989
0.15  18.989
0.15  18.8238
0.15  18.8252
0.15  18.8238
0.15  18.8252
0.15  14.6088
0.15  14.6088
0.15  14.7751
0.15  14.7855
0.15  14.7855
0.15  14.7751
0.15  14.2184
0.15  14.2184
0.15  14.2184
0.15  14.2184
0.15  18.3855
0.15  18.3846
0.15  18.3846
0.15  18.3855
0.15  15.3669
0.15  15.3687
0.15  15.3687
0.15  15.3669
0.15  15.5625
0.15  15.5638
0.15  15.5625
0.15  15.5638
0.15  16.038
0.15  16.0359
0.15  16.0359
0.15  16.038
0.15  16.2052
0.15  16.2052
0.15  16.2068
0.15  16.2068
0.15  17.488
0.15  17.488
0.15  17.5206
0.15  17.5206
0.15  17.9327
0.15  17.9327
0.15  17.1543
0.15  17.1543
0.15  17.1543
0.15  17.1543
0.15  17.9315
0.15  17.9315
0.15  16.393
0.15  16.393
0.15  17.9108
0.15  17.9108
0.2  38.5866
0.2  38.5074
0.2  38.5866
0.2  38.5074
0.2  37.4161
0.2  37.4161
0.2  37.1765
0.2  37.1765
0.2  37.1689
0.2  37.1689
0.2  37.0055
0.2  37.0055
0.2  35.6132
0.2  35.6132
0.2  35.4177
0.2  35.4177
0.2  35.419
0.2  35.3595
0.2  35.419
0.2  35.3595
0.2  34.7719
0.2  34.7719
0.2  34.7414
0.2  34.7414
0.2  34.6824
0.2  34.6824
0.2  34.3931
0.2  34.5823
0.2  34.3931
0.2  34.5823
0.2  34.5532
0.2  34.5531
0.2  34.5532
0.2  34.5531
0.2  33.8904
0.2  33.8904
0.2  33.8635
0.2  33.8635
0.2  33.8315
0.2  33.8315
0.2  32.8875
0.2  32.8789
0.2  32.8875
0.2  32.8789
0.2  34.3108
0.2  32.0423
0.2  34.3108
0.2  32.0423
0.2  31.2717
0.2  31.2634
0.2  31.2717
0.2  31.2634
0.2  30.7927
0.2  30.7825
0.2  30.7825
0.2  30.7927
0.2  30.2007
0.2  30.2081
0.2  30.2081
0.2  30.2007
0.2  29.6944
0.2  29.6855
0.2  29.6944
0.2  29.6855
0.2  29.4648
0.2  29.4639
0.2  29.4639
0.2  29.4648
0.2  28.7912
0.2  28.7544
0.2  28.7544
0.2  28.7912
0.2  28.6117
0.2  28.6104
0.2  28.6117
0.2  28.6104
0.2  28.371
0.2  28.371
0.2  28.3704
0.2  28.9476
0.2  28.3704
0.2  28.9476
0.2  27.183
0.2  27.2165
0.2  27.183
0.2  27.2165
0.2  27.4772
0.2  27.4762
0.2  27.4772
0.2  27.4762
0.2  27.9125
0.2  27.9125
0.2  27.9125
0.2  27.9125
0.2  26.8345
0.2  25.2331
0.2  26.8345
0.2  25.2331
0.2  24.4569
0.2  24.4588
0.2  24.4569
0.2  24.4588
0.2  23.8175
0.2  23.8175
0.2  23.7305
0.2  23.7372
0.2  23.7305
0.2  23.7372
0.2  22.5115
0.2  22.506
0.2  0.395607
0.2  22.5115
0.2  22.506
0.2  0.395607
0.2  0.776957
0.2  0.776957
0.2  3.63463
0.2  3.63463
0.2  4.48792
0.2  4.48792
0.2  4.08033
0.2  4.08034
0.2  4.08034
0.2  4.08033
0.2  5.63037
0.2  5.63131
0.2  5.63037
0.2  5.63131
0.2  21.1849
0.2  21.1542
0.2  21.1849
0.2  21.1542
0.2  21.1665
0.2  21.1665
0.2  6.30022
0.2  6.30022
0.2  6.30149
0.2  21.1701
0.2  6.30149
0.2  21.1701
0.2  7.13828
0.2  7.13828
0.2  8.22035
0.2  8.22035
0.2  8.00634
0.2  8.00634
0.2  8.00634
0.2  8.00634
0.2  9.25077
0.2  9.25077
0.2  8.74574
0.2  8.74574
0.2  8.74574
0.2  8.74574
0.2  8.8141
0.2  8.8141
0.2  9.71763
0.2  9.71555
0.2  9.71763
0.2  9.71555
0.2  9.93968
0.2  11.7528
0.2  9.93968
0.2  11.7528
0.2  9.94128
0.2  11.7521
0.2  9.94128
0.2  11.7521
0.2  10.5185
0.2  10.7331
0.2  10.7331
0.2  10.5185
0.2  10.5212
0.2  10.731
0.2  10.5212
0.2  10.731
0.2  10.604
0.2  10.604
0.2  10.6045
0.2  10.6045
0.2  13.6635
0.2  13.6635
0.2  13.8532
0.2  13.8442
0.2  13.8532
0.2  13.8442
0.2  19.9207
0.2  19.9096
0.2  19.9096
0.2  19.9207
0.2  19.8938
0.2  19.8805
0.2  19.8938
0.2  19.8805
0.2  19.6041
0.2  19.6041
0.2  19.5051
0.2  19.5063
0.2  19.5051
0.2  19.5063
0.2  19.1968
0.2  19.1966
0.2  19.1966
0.2  19.1968
0.2  18.9037
0.2  18.9052
0.2  18.9052
0.2  18.9037
0.2  18.91
0.2  18.91
0.2  18.318
0.2  18.3189
0.2  18.318
0.2  18.3189
0.2  14.7394
0.2  14.7394
0.2  14.2254
0.2  14.2254
0.2  14.2254
0.2  14.2254
0.2  14.9136
0.2  14.9242
0.2  14.9136
0.2  14.9242
0.2  17.7137
0.2  17.7148
0.2  17.7148
0.2  17.7137
0.2  17.4702
0.2  17.4702
0.2  15.2261
0.2  15.2243
0.2  15.2243
0.2  15.2261
0.2  15.4917
0.2  15.4917
0.2  15.4905
0.2  15.4905
0.2  17.5282
0.2  17.5282
0.2  16.3426
0.2  16.3426
0.2  17.1606
0.2  17.1606
0.2  17.1606
0.2  16.341
0.2  17.1606
0.2  16.341
0.2  16.1239
0.2  16.1239
0.2  16.1217
0.2  16.1217
0.2  18.1682
0.2  18.1682
0.2  16.1444
0.2  16.1444
0.25  38.5725
0.25  38.4712
0.25  38.5725
0.25  38.4712
0.25  37.4672
0.25  37.4672
0.25  37.1563
0.25  37.1563
0.25  37.1468
0.25  36.9547
0.25  37.1468
0.25  36.9547
0.25  35.6476
0.25  35.6476
0.25  35.3305
0.25  35.3305
0.25  35.3822
0.25  35.3837
0.25  35.3822
0.25  35.3837
0.25  34.8806
0.25  34.8497
0.25  34.8806
0.25  34.8497
0.25  34.6966
0.25  34.6966
0.25  34.5714
0.25  34.3944
0.25  34.5714
0.25  34.3944
0.25  34.5103
0.25  34.5105
0.25  34.5103
0.25  34.5105
0.25  33.7539
0.25  33.7539
0.25  33.7803
0.25  33.7803
0.25  34.0488
0.25  34.0488
0.25  32.8429
0.25  32.8536
0.25  32.8429
0.25  32.8536
0.25  31.8152
0.25  34.266
0.25  31.8152
0.25  34.266
0.25  31.4635
0.25  31.4553
0.25  31.4635
0.25  31.4553
0.25  30.8609
0.25  30.8715
0.25  30.8609
0.25  30.8715
0.25  30.1407
0.25  30.1336
0.25  30.1336
0.25  30.1407
0.25  29.7041
0.25  29.7033
0.25  29.7041
0.25  29.7033
0.25  29.4945
0.25  29.4856
0.25  29.4945
0.25  29.4856
0.25  28.9822
0.25  28.9451
0.25  28.9451
0.25  28.9822
0.25  28.6443
0.25  28.6457
0.25  28.6443
0.25  28.6457
0.25  29.2012
0.25  29.2012
0.25  28.3442
0.25  28.3448
0.25  28.3442
0.25  28.3448
0.25  26.9833
0.25  27.0163
0.25  27.0163
0.25  26.9833
0.25  27.2225
0.25  27.2215
0.25  27.2225
0.25  27.2215
0.25  27.9156
0.25  27.9156
0.25  27.9156
0.25  27.9156
0.25  25.4199
0.25  26.5629
0.25  25.4199
0.25  26.5629
0.25  24.4311
0.25  24.4288
0.25  24.4311
0.25  24.4288
0.25  23.8994
0.25  23.8994
0.25  23.8926
0.25  23.8926
0.25  23.6506
0.25  23.6506
0.25  22.3674
0.25  22.362
0.25  22.3674
0.25  22.362
0.25  0.494581
0.25  0.494581
0.25  21.3514
0.25  21.3204
0.25  21.3514
0.25  21.3204
0.25  21.3361
0.25  21.3082
0.25  21.3361
0.25  21.3082
0.25  0.971338
0.25  3.52965
0.25  0.971338
0.25  3.52965
0.25  4.59641
0.25  4.59641
0.25  4.09277
0.25  4.09277
0.25  4.09277
0.25  4.09277
0.25  5.55372
0.25  5.55283
0.25  5.55372
0.25  5.55283
0.25  6.38977
0.25  6.39108
0.25  6.39108
0.25  6.38977
0.25  6.9321
0.25  6.9321
0.25  8.09445
0.25  8.09445
0.25  8.02669
0.25  8.02669
0.25  8.02669
0.25  8.02669
0.25  8.75435
0.25  8.75435
0.25  8.75435
0.25  8.75435
0.25  9.38244
0.25  9.38244
0.25  9.59493
0.25  9.59286
0.25  9.59493
0.25  9.59286
0.25  9.02717
0.25  9.02717
0.25  9.87631
0.25  9.87483
0.25  9.87631
0.25  9.87483
0.25  10.862
0.25  10.862
0.25  10.8642
0.25  10.8642
0.25  10.5982
0.25  10.5982
0.25  10.601
0.25  10.4718
0.25  10.601
0.25  10.4718
0.25  10.4723
0.25  10.4723
0.25  11.9064
0.25  11.9071
0.25  11.9064
0.25  11.9071
0.25  19.7714
0.25  19.7714
0.25  19.7607
0.25  19.7607
0.25  19.7181
0.25  19.7181
0.25  19.7314
0.25  19.7314
0.25  19.7366
0.25  19.7366
0.25  19.7378
0.25  19.7378
0.25  19.7008
0.25  19.7008
0.25  19.1726
0.25  19.1728
0.25  19.1726
0.25  19.1728
0.25  18.9855
0.25  18.9871
0.25  18.9855
0.25  18.9871
0.25  18.8331
0.25  18.8331
0.25  13.5252
0.25  13.5252
0.25  13.7257
0.25  13.7168
0.25  13.7257
0.25  13.7168
0.25  18.2533
0.25  18.2541
0.25  18.2533
0.25  18.2541
0.25  14.2343
0.25  14.2343
0.25  14.2343
0.25  14.2343
0.25  17.4474
0.25  17.5379
0.25  17.4474
0.25  17.5379
0.25  17.4977
0.25  17.4988
0.25  17.4977
0.25  17.4988
0.25  16.4754
0.25  16.477
0.25  16.477
0.25  16.4754
0.25  16.2094
0.25  16.2118
0.25  16.2094
0.25  16.2118
0.25  14.8685
0.25  14.8685
0.25  15.4204
0.25  15.4216
0.25  15.4216
0.25  15.4204
0.25  15.0535
0.25  15.0643
0.25  15.0643
0.25  15.0535
0.25  15.0812
0.25  15.083
0.25  15.0812
0.25  15.083
0.25  17.1686
0.25  17.1686
0.25  17.1686
0.25  17.1686
0.25  18.4267
0.25  18.4267
0.25  15.8972
0.25  15.8972
0.3  38.5574
0.3  38.4252
0.3  38.5574
0.3  38.4252
0.3  37.518
0.3  37.518
0.3  37.1314
0.3  37.1202
0.3  37.1314
0.3  37.1202
0.3  36.9041
0.3  36.9041
0.3  35.6826
0.3  35.6826
0.3  35.302
0.3  35.302
0.3  35.3408
0.3  35.3389
0.3  35.3408
0.3  35.3389
0.3  34.9885
0.3  34.9574
0.3  34.9885
0.3  34.9574
0.3  34.7112
0.3  34.7112
0.3  34.5609
0.3  34.3959
0.3  34.5609
0.3  34.3959
0.3  34.4585
0.3  34.4583
0.3  34.4585
0.3  34.4583
0.3  34.2639
0.3  34.2639
0.3  33.6447
0.3  33.6705
0.3  33.6447
0.3  33.6705
0.3  32.8121
0.3  32.8121
0.3  32.7994
0.3  32.7994
0.3  34.2114
0.3  34.2114
0.3  31.6454
0.3  31.6535
0.3  31.6454
0.3  31.6535
0.3  31.5878
0.3  31.5878
0.3  30.9516
0.3  30.9406
0.3  30.9406
0.3  30.9516
0.3  30.0677
0.3  30.0745
0.3  30.0745
0.3  30.0677
0.3  29.9408
0.3  29.9399
0.3  29.9408
0.3  29.9399
0.3  29.2944
0.3  29.2855
0.3  29.2944
0.3  29.2855
0.3  29.134
0.3  29.1713
0.3  29.134
0.3  29.1713
0.3  28.6792
0.3  28.6792
0.3  29.4519
0.3  28.6807
0.3  29.4519
0.3  28.6807
0.3  28.3194
0.3  28.3188
0.3  28.3194
0.3  28.3188
0.3  27.9194
0.3  27.9194
0.3  27.9194
0.3  27.9194
0.3  26.8159
0.3  26.8159
0.3  26.9671
0.3  26.9661
0.3  26.9671
0.3  26.9661
0.3  26.7835
0.3  26.7835
0.3  25.6089
0.3  26.2902
0.3  25.6089
0.3  26.2902
0.3  24.3974
0.3  24.3947
0.3  24.3974
0.3  24.3947
0.3  24.0565
0.3  24.0635
0.3  24.0635
0.3  24.0565
0.3  23.4859
0.3  23.4859
0.3  22.2253
0.3  22.2201
0.3  0.593603
0.3  0.593603
0.3  22.2201
0.3  22.2253
0.3  1.16581
0.3  3.42502
0.3  3.42502
0.3  1.16581
0.3  21.5197
0.3  21.5197
0.3  21.5039
0.3  21.5039
0.3  21.4606
0.3  21.4606
0.3  21.4727
0.3  21.4727
0.3  4.70534
0.3  4.70534
0.3  4.10793
0.3  4.10792
0.3  4.10793
0.3  4.10792
0.3  5.4776
0.3  5.47675
0.3  5.4776
0.3  5.47675
0.3  6.48055
0.3  6.4819
0.3  6.4819
0.3  6.48055
0.3  6.7266
0.3  7.96919
0.3  6.7266
0.3  7.96919
0.3  8.05152
0.3  8.05151
0.3  8.05151
0.3  8.05152
0.3  8.76487
0.3  8.76487
0.3  8.76487
0.3  8.76487
0.3  9.51471
0.3  9.51471
0.3  9.47114
0.3  9.4732
0.3  9.47114
0.3  9.4732
0.3  9.81167
0.3  9.81304
0.3  9.81167
0.3  9.81304
0.3  9.2411
0.3  9.2411
0.3  10.3423
0.3  10.3428
0.3  10.3428
0.3  10.3423
0.3  10.6825
0.3  10.6795
0.3  10.6795
0.3  10.6825
0.3  10.9961
0.3  10.9961
0.3  10.9939
0.3  10.9939
0.3  12.0636
0.3  12.0629
0.3  12.0636
0.3  12.0629
0.3  13.3863
0.3  13.3863
0.3  13.5996
0.3  13.591
0.3  13.5996
0.3  13.591
0.3  19.971
0.3  19.9698
0.3  19.9698
0.3  19.971
0.3  19.7998
0.3  19.7998
0.3  19.624
0.3  19.6137
0.3  19.6137
0.3  19.624
0.3  19.5688
0.3  19.5688
0.3  19.5555
0.3  19.5555
0.3  19.0709
0.3  19.0692
0.3  19.0692
0.3  19.0709
0.3  19.1434
0.3  19.1434
0.3  19.1437
0.3  19.1437
0.3  18.7585
0.3  18.7585
0.3  18.1905
0.3  18.1913
0.3  18.1905
0.3  18.1913
0.3  14.2452
0.3  14.2452
0.3  14.2452
0.3  14.2452
0.3  14.9962
0.3  14.9962
0.3  14.9376
0.3  14.9395
0.3  14.9395
0.3  14.9376
0.3  15.1947
0.3  15.2056
0.3  15.2056
0.3  15.1947
0.3  15.3523
0.3  15.3534
0.3  15.3523
0.3  15.3534
0.3  16.2991
0.3  16.3017
0.3  16.3017
0.3  16.2991
0.3  16.6099
0.3  16.6099
0.3  16.6083
0.3  16.6083
0.3  17.4196
0.3  17.5497
0.3  17.4196
0.3  17.5497
0.3  17.2834
0.3  17.2845
0.3  17.2834
0.3  17.2845
0.3  17.1785
0.3  17.1785
0.3  17.1785
0.3  17.1785
0.3  18.6865
0.3  18.6865
0.3  15.6512
0.3  15.6512
0.35  38.5409
0.35  38.3697
0.35  38.5409
0.35  38.3697
0.35  37.5686
0.35  37.5686
0.35  36.8538
0.35  37.1019
0.35  37.1019
0.35  37.089
0.35  37.089
0.35  36.8538
0.35  35.7183
0.35  35.7183
0.35  35.2741
0.35  35.288
0.35  35.2901
0.35  35.2901
0.35  35.288
0.35  35.0956
0.35  35.0956
0.35  35.2741
0.35  35.0643
0.35  35.0643
0.35  34.7262
0.35  34.7262
0.35  34.5507
0.35  34.4767
0.35  34.5507
0.35  34.4767
0.35  33.5612
0.35  33.5359
0.35  33.5612
0.35  33.5359
0.35  34.3978
0.35  34.3978
0.35  34.397
0.35  34.3972
0.35  34.397
0.35  34.3972
0.35  32.7483
0.35  32.763
0.35  32.7483
0.35  32.763
0.35  34.1471
0.35  34.1471
0.35  31.8415
0.35  31.8335
0.35  31.8415
0.35  31.8335
0.35  31.3605
0.35  31.3605
0.35  31.033
0.35  31.0215
0.35  31.033
0.35  31.0215
0.35  30.1736
0.35  30.1745
0.35  30.1745
0.35  30.1736
0.35  30.0095
0.35  30.0031
0.35  30.0095
0.35  30.0031
0.35  29.3582
0.35  29.3207
0.35  29.3582
0.35  29.3207
0.35  29.0944
0.35  29.0944
0.35  29.0855
0.35  29.6992
0.35  29.0855
0.35  29.6992
0.35  28.7166
0.35  28.715
0.35  28.715
0.35  28.7166
0.35  28.2948
0.35  28.2943
0.35  28.2943
0.35  28.2948
0.35  27.9239
0.35  27.9239
0.35  27.9239
0.35  27.9239
0.35  26.6154
0.35  26.6154
0.35  26.5836
0.35  26.5836
0.35  26.7111
0.35  26.7111
0.35  26.7101
0.35  26.7101
0.35  25.7999
0.35  25.7999
0.35  26.0166
0.35  26.0166
0.35  24.3576
0.35  24.3545
0.35  24.3545
0.35  24.3576
0.35  24.2295
0.35  24.2224
0.35  24.2295
0.35  24.2224
0.35  23.3236
0.35  23.3236
0.35  0.692682
0.35  0.692682
0.35  22.0853
0.35  22.0802
0.35  22.0853
0.35  22.0802
0.35  3.32071
0.35  1.3604
0.35  3.32071
0.35  1.3604
0.35  21.6898
0.35  21.6735
0.35  21.6898
0.35  21.6735
0.35  21.6113
0.35  21.6232
0.35  21.6113
0.35  21.6232
0.35  4.81471
0.35  4.81471
0.35  4.12579
0.35  4.12577
0.35  4.12577
0.35  4.12579
0.35  5.40218
0.35  5.40298
0.35  5.40218
0.35  5.40298
0.35  6.57253
0.35  6.57392
0.35  6.57392
0.35  6.57253
0.35  6.52174
0.35  7.84458
0.35  6.52174
0.35  7.84458
0.35  8.08078
0.35  8.08077
0.35  8.08077
0.35  8.08078
0.35  8.77729
0.35  8.7773
0.35  8.77729
0.35  8.7773
0.35  9.35244
0.35  9.3504
0.35  9.35244
0.35  9.3504
0.35  9.6476
0.35  9.6476
0.35  9.75021
0.35  9.75148
0.35  9.75148
0.35  9.75021
0.35  10.216
0.35  10.216
0.35  10.2156
0.35  10.2156
0.35  10.7657
0.35  10.7625
0.35  10.7657
0.35  10.7625
0.35  11.1267
0.35  11.1288
0.35  11.1267
0.35  11.1288
0.35  9.45591
0.35  9.45591
0.35  12.2224
0.35  12.2217
0.35  12.2217
0.35  12.2224
0.35  20.2045
0.35  20.2057
0.35  20.2057
0.35  20.2045
0.35  13.247
0.35  13.247
0.35  13.4666
0.35  13.475
0.35  13.475
0.35  13.4666
0.35  19.9009
0.35  19.9009
0.35  19.4785
0.35  19.4686
0.35  19.4785
0.35  19.4686
0.35  19.4059
0.35  19.3926
0.35  19.4059
0.35  19.3926
0.35  19.1567
0.35  19.1549
0.35  19.1549
0.35  19.1567
0.35  19.109
0.35  19.1094
0.35  19.109
0.35  19.1094
0.35  18.686
0.35  18.686
0.35  18.1303
0.35  18.1303
0.35  14.2581
0.35  14.2581
0.35  18.1296
0.35  14.2581
0.35  18.1296
0.35  14.2581
0.35  14.7936
0.35  14.7955
0.35  14.7955
0.35  14.7936
0.35  17.5637
0.35  17.5637
0.35  17.3869
0.35  17.3869
0.35  15.1221
0.35  15.1221
0.35  15.3483
0.35  16.3936
0.35  15.3483
0.35  16.3936
0.35  16.3908
0.35  16.3908
0.35  15.3372
0.35  15.3372
0.35  15.2872
0.35  16.7395
0.35  15.2872
0.35  16.7395
0.35  15.2862
0.35  16.741
0.35  15.2862
0.35  16.741
0.35  17.071
0.35  17.071
0.35  17.0721
0.35  17.0721
0.35  17.1902
0.35  17.1902
0.35  17.1902
0.35  17.1902
0.35  18.9475
0.35  18.9475
0.35  15.4064
0.35  15.4064
0.4  38.5227
0.4  38.5227
0.4  38.3052
0.4  38.3052
0.4  37.6187
0.4  37.6187
0.4  37.0679
0.4  37.0533
0.4  37.0679
0.4  37.0533
0.4  36.8038
0.4  36.8038
0.4  35.7546
0.4  35.7546
0.4  35.2467
0.4  35.1702
0.4  35.1702
0.4  35.2467
0.4  35.2017
0.4  35.2017
0.4  35.232
0.4  35.2295
0.4  35.2295
0.4  35.232
0.4  34.7416
0.4  34.7416
0.4  34.687
0.4  34.687
0.4  34.5409
0.4  34.5409
0.4  34.3999
0.4  34.3999
0.4  34.3268
0.4  34.3266
0.4  34.3268
0.4  34.3266
0.4  33.4523
0.4  33.4276
0.4  33.4523
0.4  33.4276
0.4  32.6899
0.4  32.7064
0.4  32.6899
0.4  32.7064
0.4  34.0733
0.4  34.0733
0.4  32.0272
0.4  32.0193
0.4  32.0193
0.4  32.0272
0.4  31.1157
0.4  31.1157
0.4  31.1038
0.4  31.1038
0.4  31.1332
0.4  31.1332
0.4  30.405
0.4  30.4042
0.4  30.4042
0.4  30.405
0.4  29.5428
0.4  29.5052
0.4  29.5428
0.4  29.5052
0.4  29.9396
0.4  29.9396
0.4  28.8946
0.4  29.9458
0.4  29.9458
0.4  28.8856
0.4  29.9431
0.4  29.9431
0.4  28.8946
0.4  28.8856
0.4  28.7534
0.4  28.7517
0.4  28.7534
0.4  28.7517
0.4  28.2711
0.4  28.2706
0.4  28.2711
0.4  28.2706
0.4  27.9291
0.4  27.9291
0.4  27.9291
0.4  27.9291
0.4  25.9931
0.4  26.3837
0.4  25.9931
0.4  26.3837
0.4  26.415
0.4  26.415
0.4  26.4536
0.4  26.4536
0.4  26.4546
0.4  26.4546
0.4  25.7422
0.4  25.7422
0.4  24.3974
0.4  24.3902
0.4  24.3974
0.4  24.3902
0.4  24.312
0.4  24.3084
0.4  24.312
0.4  24.3084
0.4  0.791829
0.4  23.1635
0.4  23.1635
0.4  0.791829
0.4  21.9473
0.4  21.9423
0.4  3.21672
0.4  3.21672
0.4  1.55512
0.4  1.55512
0.4  21.9473
0.4  21.9423
0.4  21.8448
0.4  21.8617
0.4  21.8617
0.4  21.8448
0.4  21.76
0.4  21.7717
0.4  21.76
0.4  21.7717
0.4  4.92455
0.4  4.92455
0.4  4.14629
0.4  4.14629
0.4  4.14631
0.4  4.14631
0.4  5.32914
0.4  5.32989
0.4  5.32914
0.4  5.32989
0.4  6.66571
0.4  6.66713
0.4  6.66571
0.4  6.66713
0.4  6.31752
0.4  7.72061
0.4  6.31752
0.4  7.72061
0.4  8.11443
0.4  8.11444
0.4  8.11444
0.4  8.11443
0.4  8.79163
0.4  8.79161
0.4  8.79163
0.4  8.79161
0.4  9.23267
0.4  9.23063
0.4  9.23063
0.4  9.23267
0.4  10.092
0.4  10.092
0.4  10.0916
0.4  9.78108
0.4  9.78108
0.4  10.0916
0.4  10.8504
0.4  9.69163
0.4  10.8504
0.4  9.69163
0.4  9.69046
0.4  10.847
0.4  9.69046
0.4  10.847
0.4  11.2603
0.4  11.2603
0.4  11.2625
0.4  11.2625
0.4  9.67162
0.4  9.67162
0.4  12.3835
0.4  12.3827
0.4  12.3835
0.4  12.3827
0.4  20.4408
0.4  20.442
0.4  20.4408
0.4  20.442
0.4  13.1073
0.4  13.1073
0.4  13.3518
0.4  13.3436
0.4  13.3436
0.4  13.3518
0.4  20.0043
0.4  20.0043
0.4  14.2729
0.4  14.2729
0.4  14.2729
0.4  14.2729
0.4  14.6494
0.4  14.6513
0.4  14.6494
0.4  14.6513
0.4  15.4809
0.4  15.4922
0.4  15.4922
0.4  15.4809
0.4  15.2463
0.4  15.2463
0.4  15.222
0.4  15.2229
0.4  15.222
0.4  15.2229
0.4  18.0705
0.4  18.0705
0.4  18.6157
0.4  18.0711
0.4  18.6157
0.4  18.0711
0.4  17.5799
0.4  17.5799
0.4  17.3493
0.4  17.3493
0.4  16.4845
0.4  16.4874
0.4  16.4874
0.4  16.4845
0.4  17.2037
0.4  17.2037
0.4  17.2037
0.4  17.2037
0.4  16.8704
0.4  16.8704
0.4  16.869
0.4  16.869
0.4  16.8604
0.4  16.8604
0.4  16.8615
0.4  16.8615
0.4  19.3351
0.4  19.3351
0.4  19.0695
0.4  19.0695
0.4  19.3255
0.4  19.0699
0.4  19.3255
0.4  19.0699
0.4  19.2296
0.4  19.2296
0.4  19.2444
0.4  19.2444
0.4  19.243
0.4  19.2425
0.4  19.2425
0.4  19.243
0.4  15.163
0.4  15.163
0.4  19.2097
0.4  19.2097
0.45  38.5028
0.45  38.5028
0.45  38.2319
0.45  37.6684
0.45  38.2319
0.45  37.6684
0.45  37.0295
0.45  37.0133
0.45  37.0295
0.45  37.0133
0.45  36.7541
0.45  36.7541
0.45  35.7915
0.45  35.7915
0.45  35.3067
0.45  35.3067
0.45  35.275
0.45  35.275
0.45  35.2199
0.45  35.2199
0.45  35.1637
0.45  35.1664
0.45  35.1637
0.45  35.1664
0.45  34.8944
0.45  34.7574
0.45  34.7574
0.45  34.8944
0.45  34.5314
0.45  34.5314
0.45  34.4023
0.45  34.4023
0.45  34.2474
0.45  34.2472
0.45  34.2472
0.45  34.2474
0.45  33.344
0.45  33.3198
0.45  33.344
0.45  33.3198
0.45  33.99
0.45  33.99
0.45  32.6425
0.45  32.6241
0.45  32.6241
0.45  32.6425
0.45  32.2027
0.45  32.2027
0.45  32.2105
0.45  32.2105
0.45  31.1996
0.45  31.1873
0.45  31.1996
0.45  31.1873
0.45  30.9063
0.45  30.9063
0.45  30.6321
0.45  30.6313
0.45  30.6313
0.45  30.6321
0.45  29.8774
0.45  29.8833
0.45  29.8833
0.45  29.8774
0.45  29.7249
0.45  29.6872
0.45  29.7249
0.45  29.6872
0.45  30.1831
0.45  30.1831
0.45  28.7912
0.45  28.695
0.45  28.695
0.45  28.7912
0.45  28.6861
0.45  28.7894
0.45  28.6861
0.45  28.7894
0.45  28.2477
0.45  28.2481
0.45  28.2481
0.45  28.2477
0.45  27.935
0.45  27.935
0.45  27.935
0.45  27.935
0.45  26.2147
0.45  26.184
0.45  26.2147
0.45  26.184
0.45  26.1967
0.45  26.1978
0.45  26.1967
0.45  26.1978
0.45  26.1882
0.45  26.1882
0.45  25.4672
0.45  25.4672
0.45  24.5672
0.45  24.5599
0.45  24.5672
0.45  24.5599
0.45  24.2564
0.45  24.2604
0.45  24.2564
0.45  24.2604
0.45  23.0057
0.45  23.0057
0.45  22.018
0.45  22.0354
0.45  22.0354
0.45  22.018
0.45  21.9181
0.45  21.9067
0.45  21.9181
0.45  21.9067
0.45  21.8113
0.45  21.8065
0.45  21.8113
0.45  21.8065
0.45  0.891053
0.45  0.891053
0.45  3.11305
0.45  3.11305
0.45  1.74999
0.45  1.74999
0.45  4.16948
0.45  4.16945
0.45  4.16948
0.45  4.16945
0.45  5.03485
0.45  5.03485
0.45  5.25838
0.45  5.25767
0.45  5.25767
0.45  5.25838
0.45  6.76006
0.45  6.76152
0.45  6.76152
0.45  6.76006
0.45  6.11391
0.45  6.11391
0.45  20.6799
0.45  20.6799
0.45  7.59728
0.45  20.6787
0.45  7.59728
0.45  20.6787
0.45  8.15244
0.45  8.15246
0.45  8.15244
0.45  8.15246
0.45  8.80786
0.45  8.80783
0.45  8.80783
0.45  8.80786
0.45  9.11186
0.45  9.11388
0.45  9.11186
0.45  9.11388
0.45  9.6335
0.45  9.63243
0.45  9.63243
0.45  9.6335
0.45  10.9332
0.45  10.9367
0.45  10.9332
0.45  10.9367
0.45  9.91515
0.45  9.91515
0.45  11.3969
0.45  9.9705
0.45  11.3969
0.45  9.9705
0.45  9.97087
0.45  11.3947
0.45  9.97087
0.45  11.3947
0.45  9.88825
0.45  20.1099
0.45  20.1099
0.45  9.88825
0.45  12.5459
0.45  12.5459
0.45  12.5467
0.45  12.9673
0.45  12.5467
0.45  12.9673
0.45  13.2301
0.45  13.2222
0.45  13.2222
0.45  13.2301
0.45  19.334
0.45  19.334
0.45  19.332
0.45  19.473
0.45  19.473
0.45  19.332
0.45  19.1936
0.45  19.1844
0.45  19.1936
0.45  19.1844
0.45  19.08
0.45  19.0666
0.45  19.0666
0.45  19.08
0.45  19.025
0.45  19.025
0.45  18.5476
0.45  18.5476
0.45  19.0254
0.45  19.0254
0.45  18.0133
0.45  18.0139
0.45  18.0139
0.45  18.0133
0.45  14.5049
0.45  14.2898
0.45  14.5049
0.45  14.2898
0.45  14.5069
0.45  14.2898
0.45  14.2898
0.45  14.5069
0.45  15.626
0.45  15.626
0.45  15.6375
0.45  15.3685
0.45  15.3685
0.45  15.6375
0.45  15.1607
0.45  15.1599
0.45  15.1599
0.45  15.1607
0.45  17.5982
0.45  17.5982
0.45  17.3069
0.45  17.3069
0.45  16.5801
0.45  16.5832
0.45  16.5801
0.45  16.5832
0.45  16.9979
0.45  16.9979
0.45  16.6516
0.45  16.6516
0.45  16.6527
0.45  16.9964
0.45  16.6527
0.45  16.9964
0.45  17.2189
0.45  17.2189
0.45  17.2189
0.45  17.2189
0.45  14.9208
0.45  14.9208
0.5  38.4811
0.5  38.4811
0.5  38.1502
0.5  38.1502
0.5  37.7176
0.5  37.7176
0.5  36.9868
0.5  36.969
0.5  36.9868
0.5  36.969
0.5  36.7049
0.5  36.7049
0.5  35.829
0.5  35.829
0.5  35.4104
0.5  35.3787
0.5  35.4104
0.5  35.3787
0.5  35.1936
0.5  34.7736
0.5  35.1936
0.5  34.7736
0.5  35.0936
0.5  35.0905
0.5  35.0936
0.5  35.0905
0.5  35.0988
0.5  35.0988
0.5  34.5222
0.5  34.4051
0.5  34.5222
0.5  34.4051
0.5  34.1589
0.5  34.1592
0.5  34.1592
0.5  34.1589
0.5  33.2127
0.5  33.2363
0.5  33.2127
0.5  33.2363
0.5  33.8974
0.5  33.8974
0.5  32.5714
0.5  32.5512
0.5  32.5714
0.5  32.5512
0.5  32.3835
0.5  32.3911
0.5  32.3835
0.5  32.3911
0.5  31.2849
0.5  31.2721
0.5  31.2849
0.5  31.2721
0.5  30.8547
0.5  30.8555
0.5  30.8547
0.5  30.8555
0.5  30.6796
0.5  30.6796
0.5  29.9042
0.5  29.8666
0.5  29.9042
0.5  29.8666
0.5  29.8163
0.5  29.8219
0.5  29.8163
0.5  29.8219
0.5  30.4192
0.5  30.4192
0.5  28.828
0.5  28.8299
0.5  28.8299
0.5  28.828
0.5  28.4959
0.5  28.487
0.5  28.4959
0.5  28.487
0.5  28.2259
0.5  28.2255
0.5  28.2259
0.5  28.2255
0.5  27.9416
0.5  27.9416
0.5  27.9416
0.5  27.9416
0.5  26.3855
0.5  26.3855
0.5  26.0146
0.5  25.9845
0.5  26.0146
0.5  25.9845
0.5  25.9397
0.5  25.9408
0.5  25.9397
0.5  25.9408
0.5  24.7314
0.5  24.7389
0.5  24.7314
0.5  24.7389
0.5  25.1917
0.5  25.1917
0.5  24.2031
0.5  24.1987
0.5  24.2031
0.5  24.1987
0.5  22.8501
0.5  22.8501
0.5  0.990363
0.5  0.990363
0.5  22.2108
0.5  22.1928
0.5  22.1928
0.5  22.2108
0.5  22.0622
0.5  22.051
0.5  22.0622
0.5  22.051
0.5  21.6728
0.5  21.6775
0.5  21.6728
0.5  21.6775
0.5  3.00968
0.5  3.00968
0.5  20.9192
0.5  20.9192
0.5  1.94503
0.5  20.918
0.5  1.94503
0.5  20.918
0.5  4.19521
0.5  4.19525
0.5  4.19525
0.5  4.19521
0.5  5.14563
0.5  5.14563
0.5  5.1878
0.5  5.18847
0.5  5.1878
0.5  5.18847
0.5  6.85557
0.5  6.85557
0.5  5.91088
0.5  6.85707
0.5  5.91088
0.5  6.85707
0.5  8.19479
0.5  8.19477
0.5  7.47459
0.5  7.47459
0.5  20.2178
0.5  20.2178
0.5  8.19477
0.5  8.19479
0.5  8.99608
0.5  8.82595
0.5  8.99608
0.5  8.82595
0.5  8.99408
0.5  8.82599
0.5  8.99408
0.5  8.82599
0.5  9.5771
0.5  9.57613
0.5  9.57613
0.5  9.5771
0.5  10.0498
0.5  9.85226
0.5  10.0498
0.5  9.85226
0.5  9.85261
0.5  9.85261
0.5  11.021
0.5  11.0247
0.5  11.0247
0.5  11.021
0.5  11.53
0.5  11.5321
0.5  11.53
0.5  11.5321
0.5  10.1058
0.5  10.1058
0.5  12.827
0.5  12.827
0.5  13.1022
0.5  12.7113
0.5  13.1022
0.5  12.7113
0.5  12.7121
0.5  13.1099
0.5  12.7121
0.5  13.1099
0.5  19.4236
0.5  19.4236
0.5  19.7374
0.5  19.4257
0.5  19.4257
0.5  19.7374
0.5  19.0453
0.5  19.054
0.5  19.054
0.5  19.0453
0.5  18.9171
0.5  18.9037
0.5  18.9171
0.5  18.9037
0.5  18.9755
0.5  18.9755
0.5  18.4816
0.5  18.976
0.5  18.4816
0.5  18.976
0.5  17.958
0.5  17.9585
0.5  17.958
0.5  17.9585
0.5  15.7839
0.5  15.7839
0.5  15.4887
0.5  15.7723
0.5  15.4887
0.5  15.7723
0.5  15.0996
0.5  15.1004
0.5  15.0996
0.5  15.1004
0.5  14.3604
0.5  14.3623
0.5  14.3604
0.5  14.3623
0.5  14.3086
0.5  14.3086
0.5  14.3086
0.5  14.3086
0.5  17.6186
0.5  17.6186
0.5  16.4458
0.5  16.4447
0.5  16.4447
0.5  16.4458
0.5  16.681
0.5  16.6777
0.5  16.681
0.5  16.6777
0.5  17.1218
0.5  17.1218
0.5  17.1232
0.5  17.2597
0.5  17.1232
0.5  17.2597
0.5  17.236
0.5  17.236
0.5  14.6798
0.5  17.236
0.5  14.6798
0.5  17.236
0.55  38.4574
0.55  38.4574
0.55  38.0603
0.55  37.7663
0.55  38.0603
0.55  37.7663
0.55  36.9398
0.55  36.9205
0.55  36.9398
0.55  36.9205
0.55  36.656
0.55  36.656
0.55  35.8672
0.55  35.8672
0.55  35.5127
0.55  35.4809
0.55  35.5127
0.55  35.4809
0.55  35.2998
0.55  35.2998
0.55  35.1679
0.55  35.1679
0.55  34.7902
0.55  34.7902
0.55  35.0102
0.55  35.0102
0.55  35.0136
0.55  35.0136
0.55  34.5134
0.55  34.4081
0.55  34.5134
0.55  34.4081
0.55  34.0623
0.55  34.062
0.55  34.062
0.55  34.0623
0.55  33.1293
0.55  33.1063
0.55  33.1293
0.55  33.1063
0.55  33.7956
0.55  33.7956
0.55  32.4712
0.55  32.4932
0.55  32.4932
0.55  32.4712
0.55  32.5689
0.55  32.5614
0.55  32.5614
0.55  32.5689
0.55  31.3714
0.55  31.3581
0.55  31.3714
0.55  31.3581
0.55  31.0749
0.55  31.0742
0.55  31.0749
0.55  31.0742
0.55  30.4536
0.55  30.4536
0.55  30.0805
0.55  30.043
0.55  30.043
0.55  30.0805
0.55  29.7618
0.55  29.7564
0.55  29.7618
0.55  29.7564
0.55  30.651
0.55  30.651
0.55  28.8676
0.55  28.8696
0.55  28.8676
0.55  28.8696
0.55  28.2973
0.55  28.2884
0.55  28.2973
0.55  28.2884
0.55  28.2042
0.55  28.2046
0.55  28.2046
0.55  28.2042
0.55  27.9489
0.55  27.9489
0.55  27.9489
0.55  27.9489
0.55  26.5847
0.55  26.5847
0.55  25.815
0.55  25.7855
0.55  25.815
0.55  25.7855
0.55  25.6837
0.55  25.6826
0.55  25.6837
0.55  25.6826
0.55  24.9048
0.55  24.9123
0.55  24.9123
0.55  24.9048
0.55  24.1401
0.55  24.1353
0.55  24.1401
0.55  24.1353
0.55  24.9159
0.55  24.9159
0.55  22.6969
0.55  22.6969
0.55  22.3879
0.55  22.3693
0.55  22.3879
0.55  22.3693
0.55  22.204
0.55  22.193
0.55  22.204
0.55  22.193
0.55  1.08977
0.55  1.08977
0.55  21.5456
0.55  21.5411
0.55  21.5456
0.55  21.5411
0.55  21.1588
0.55  21.16
0.55  21.1588
0.55  21.16
0.55  2.90659
0.55  2.90659
0.55  2.14026
0.55  2.14026
0.55  4.22353
0.55  4.22359
0.55  4.22353
0.55  4.22359
0.55  5.2569
0.55  5.2569
0.55  5.11958
0.55  5.1202
0.55  5.11958
0.55  5.1202
0.55  5.70844
0.55  5.70844
0.55  6.95223
0.55  6.95223
0.55  6.95376
0.55  7.35254
0.55  6.95376
0.55  7.35254
0.55  8.24136
0.55  8.24139
0.55  20.3279
0.55  20.3279
0.55  8.24136
0.55  8.24139
0.55  8.87928
0.55  8.87729
0.55  8.87729
0.55  8.87928
0.55  8.84595
0.55  8.84601
0.55  8.84601
0.55  8.84595
0.55  9.52245
0.55  9.52156
0.55  9.52245
0.55  9.52156
0.55  10.185
0.55  10.185
0.55  9.73729
0.55  9.73696
0.55  9.73729
0.55  9.73696
0.55  11.1142
0.55  11.1103
0.55  11.1103
0.55  11.1142
0.55  10.3243
0.55  10.3243
0.55  11.666
0.55  11.6682
0.55  11.666
0.55  11.6682
0.55  20.0029
0.55  20.0029
0.55  19.5193
0.55  19.517
0.55  19.5193
0.55  19.517
0.55  12.6865
0.55  12.6865
0.55  12.9837
0.55  12.9912
0.55  12.9837
0.55  12.9912
0.55  12.8788
0.55  12.8788
0.55  12.8796
0.55  12.8796
0.55  18.7409
0.55  18.7543
0.55  18.7409
0.55  18.7543
0.55  18.9081
0.55  18.9165
0.55  18.9081
0.55  18.9165
0.55  18.9217
0.55  18.9211
0.55  18.9217
0.55  18.9211
0.55  18.4179
0.55  18.4179
0.55  14.2157
0.55  14.2177
0.55  14.2177
0.55  14.2157
0.55  15.042
0.55  15.0414
0.55  15.042
0.55  15.0414
0.55  14.3294
0.55  14.3294
0.55  14.3294
0.55  14.3294
0.55  15.6067
0.55  14.4401
0.55  15.6067
0.55  14.4401
0.55  15.9198
0.55  15.9316
0.55  15.9316
0.55  15.9198
0.55  17.905
0.55  17.9045
0.55  17.905
0.55  17.9045
0.55  16.2407
0.55  16.2407
0.55  16.2396
0.55  16.2396
0.55  17.6413
0.55  17.6413
0.55  16.7808
0.55  16.7773
0.55  16.7773
0.55  16.7808
0.55  17.2079
0.55  17.2079
0.55  17.245
0.55  17.2464
0.55  17.2464
0.55  17.245
0.55  17.2548
0.55  17.2549
0.55  17.2548
0.55  17.2549
0.6  37.9624
0.6  37.8143
0.6  38.4319
0.6  38.4319
0.6  37.9624
0.6  37.8143
0.6  36.8887
0.6  36.868
0.6  36.868
0.6  36.8887
0.6  36.6076
0.6  36.6076
0.6  35.9059
0.6  35.9059
0.6  35.6134
0.6  35.5817
0.6  35.6134
0.6  35.5817
0.6  35.4973
0.6  35.4973
0.6  35.1427
0.6  35.1427
0.6  34.9229
0.6  34.9266
0.6  34.9229
0.6  34.9266
0.6  34.8073
0.6  34.8073
0.6  34.5049
0.6  34.5049
0.6  34.4114
0.6  34.4114
0.6  33.9568
0.6  33.9565
0.6  33.9565
0.6  33.9568
0.6  33.023
0.6  33.0006
0.6  33.023
0.6  33.0006
0.6  32.3844
0.6  32.3844
0.6  32.408
0.6  32.408
0.6  32.7362
0.6  33.685
0.6  32.7362
0.6  33.685
0.6  32.7435
0.6  32.7435
0.6  31.4592
0.6  31.4455
0.6  31.4592
0.6  31.4455
0.6  31.2902
0.6  31.2895
0.6  31.2895
0.6  31.2902
0.6  30.8783
0.6  30.8783
0.6  30.2537
0.6  30.2537
0.6  30.2163
0.6  30.2163
0.6  30.2281
0.6  30.2281
0.6  29.7028
0.6  29.6977
0.6  29.7028
0.6  29.6977
0.6  28.9081
0.6  28.9103
0.6  28.9103
0.6  28.9081
0.6  28.0993
0.6  28.1837
0.6  28.0993
0.6  28.1837
0.6  28.0905
0.6  28.184
0.6  28.0905
0.6  28.184
0.6  27.9569
0.6  27.9569
0.6  27.9569
0.6  27.9569
0.6  26.7858
0.6  26.7858
0.6  25.6159
0.6  25.587
0.6  25.6159
0.6  25.587
0.6  25.4256
0.6  25.4267
0.6  25.4256
0.6  25.4267
0.6  25.08
0.6  25.0876
0.6  25.08
0.6  25.0876
0.6  24.0664
0.6  24.0717
0.6  24.0664
0.6  24.0717
0.6  24.6398
0.6  24.6398
0.6  22.5666
0.6  22.5666
0.6  22.5475
0.6  22.5475
0.6  22.3431
0.6  22.3431
0.6  22.3323
0.6  22.3323
0.6  22.5459
0.6  22.5459
0.6  1.18928
0.6  1.18928
0.6  2.80379
0.6  2.80379
0.6  21.4158
0.6  21.4114
0.6  21.4158
0.6  21.4114
0.6  21.4011
0.6  21.4011
0.6  21.4022
0.6  2.3357
0.6  21.4022
0.6  2.3357
0.6  4.25438
0.6  4.25438
0.6  4.25445
0.6  5.36866
0.6  4.25445
0.6  5.36866
0.6  5.05305
0.6  5.05363
0.6  5.05305
0.6  5.05363
0.6  5.50654
0.6  5.50654
0.6  7.23111
0.6  7.23111
0.6  7.05159
0.6  7.05159
0.6  7.05003
0.6  7.05003
0.6  8.29216
0.6  8.2922
0.6  20.4403
0.6  20.4403
0.6  8.29216
0.6  8.2922
0.6  8.76348
0.6  8.76151
0.6  8.76151
0.6  8.76348
0.6  8.86791
0.6  8.86784
0.6  8.86791
0.6  8.86784
0.6  10.3207
0.6  10.3207
0.6  9.46955
0.6  9.46874
0.6  9.46874
0.6  9.46955
0.6  9.62499
0.6  9.62469
0.6  9.62499
0.6  9.62469
0.6  20.2695
0.6  20.2695
0.6  19.6125
0.6  19.6148
0.6  19.6148
0.6  19.6125
0.6  11.2053
0.6  11.2053
0.6  11.2012
0.6  11.2012
0.6  10.5438
0.6  10.5438
0.6  11.8049
0.6  11.8028
0.6  11.8049
0.6  11.8028
0.6  12.546
0.6  12.546
0.6  12.874
0.6  12.8666
0.6  12.8666
0.6  12.874
0.6  13.0492
0.6  13.0484
0.6  13.0492
0.6  13.0484
0.6  18.862
0.6  18.8626
0.6  18.8626
0.6  18.862
0.6  18.7809
0.6  18.7729
0.6  18.7729
0.6  18.7809
0.6  18.5918
0.6  18.5918
0.6  14.0711
0.6  14.0711
0.6  14.0731
0.6  14.0731
0.6  18.5785
0.6  18.5785
0.6  14.3522
0.6  14.3522
0.6  14.3522
0.6  14.3522
0.6  14.9851
0.6  14.9857
0.6  14.9857
0.6  14.9851
0.6  18.3563
0.6  18.3563
0.6  15.7224
0.6  15.7224
0.6  16.0804
0.6  16.0804
0.6  16.0364
0.6  16.0364
0.6  16.0684
0.6  16.0684
0.6  16.0375
0.6  16.0375
0.6  17.8528
0.6  17.8533
0.6  17.8528
0.6  17.8533
0.6  17.666
0.6  17.666
0.6  16.8788
0.6  16.8825
0.6  16.8788
0.6  16.8825
0.6  17.1515
0.6  17.1515
0.6  17.3672
0.6  17.3659
0.6  17.3672
0.6  17.3659
0.6  17.2755
0.6  17.2755
0.6  17.2755
0.6  14.2016
0.6  14.2016
0.6  17.2755
0.65  38.4045
0.65  38.4045
0.65  37.8615
0.65  37.8568
0.65  37.8615
0.65  37.8568
0.65  36.8335
0.65  36.8115
0.65  36.8335
0.65  36.8115
0.65  36.5597
0.65  36.5597
0.65  35.9454
0.65  35.9454
0.65  35.7125
0.65  35.6808
0.65  35.7125
0.65  35.6808
0.65  35.691
0.65  35.691
0.65  35.1181
0.65  35.1181
0.65  34.8328
0.65  34.8328
0.65  34.8248
0.65  34.8288
0.65  34.8288
0.65  34.8248
0.65  34.4149
0.65  34.4967
0.65  34.4149
0.65  34.4967
0.65  33.8427
0.65  33.8431
0.65  33.8431
0.65  33.8427
0.65  32.316
0.65  32.2909
0.65  32.316
0.65  32.2909
0.65  33.5655
0.65  33.5655
0.65  32.8957
0.65  32.9176
0.65  32.8957
0.65  32.9176
0.65  32.9076
0.65  32.9148
0.65  32.9076
0.65  32.9148
0.65  31.5482
0.65  31.534
0.65  31.5482
0.65  31.534
0.65  31.5011
0.65  31.5004
0.65  31.5011
0.65  31.5004
0.65  30.4235
0.65  30.3863
0.65  30.4235
0.65  30.3863
0.65  31.1008
0.65  30.0034
0.65  31.1008
0.65  30.0034
0.65  29.6401
0.65  29.645
0.65  29.6401
0.65  29.645
0.65  28.9496
0.65  28.9519
0.65  28.9496
0.65  28.9519
0.65  28.1639
0.65  28.1642
0.65  28.1642
0.65  28.1639
0.65  26.9889
0.65  26.9889
0.65  27.8933
0.65  27.9021
0.65  27.8933
0.65  27.9021
0.65  27.9657
0.65  27.9656
0.65  27.9657
0.65  27.9656
0.65  25.4174
0.65  25.3891
0.65  25.4174
0.65  25.3891
0.65  25.2646
0.65  25.2569
0.65  25.2569
0.65  25.2646
0.65  25.1698
0.65  25.1687
0.65  25.1698
0.65  25.1687
0.65  23.9921
0.65  23.9978
0.65  23.9921
0.65  23.9978
0.65  24.3636
0.65  24.3636
0.65  22.7274
0.65  22.747
0.65  22.747
0.65  22.7274
0.65  22.4794
0.65  22.4689
0.65  22.4689
0.65  22.4794
0.65  22.3972
0.65  22.3972
0.65  1.28891
0.65  1.28891
0.65  2.70127
0.65  2.70127
0.65  21.6447
0.65  21.6458
0.65  21.6447
0.65  21.6458
0.65  21.2838
0.65  21.2838
0.65  21.288
0.65  21.288
0.65  2.53137
0.65  2.53137
0.65  4.28771
0.65  4.2878
0.65  4.28771
0.65  4.2878
0.65  4.98823
0.65  4.98823
0.65  4.98877
0.65  5.48092
0.65  4.98877
0.65  5.48092
0.65  5.30518
0.65  20.5549
0.65  5.30518
0.65  20.5549
0.65  7.1103
0.65  7.1103
0.65  7.15054
0.65  7.14894
0.65  7.15054
0.65  7.14894
0.65  20.5372
0.65  20.5372
0.65  19.7099
0.65  19.7123
0.65  19.7123
0.65  19.7099
0.65  8.34712
0.65  8.34716
0.65  8.34712
0.65  8.34716
0.65  8.64673
0.65  8.64869
0.65  8.64673
0.65  8.64869
0.65  8.8917
0.65  8.89161
0.65  8.89161
0.65  8.8917
0.65  9.41767
0.65  9.4184
0.65  9.4184
0.65  9.41767
0.65  9.51548
0.65  9.51576
0.65  9.51548
0.65  9.51576
0.65  10.457
0.65  10.457
0.65  11.298
0.65  11.2937
0.65  11.298
0.65  11.2937
0.65  10.7643
0.65  10.7643
0.65  11.9403
0.65  11.9425
0.65  11.9403
0.65  11.9425
0.65  12.4053
0.65  12.4053
0.65  12.7582
0.65  12.7511
0.65  12.7582
0.65  12.7511
0.65  13.2201
0.65  13.221
0.65  13.2201
0.65  13.221
0.65  13.9265
0.65  13.9285
0.65  13.9265
0.65  13.9285
0.65  14.3769
0.65  14.377
0.65  14.377
0.65  14.3769
0.65  14.9313
0.65  14.9307
0.65  14.9307
0.65  14.9313
0.65  18.7988
0.65  18.7981
0.65  18.7988
0.65  18.7981
0.65  18.6474
0.65  18.6396
0.65  18.6474
0.65  18.6396
0.65  18.4163
0.65  18.4297
0.65  18.4297
0.65  18.4163
0.65  18.2969
0.65  16.2183
0.65  18.2969
0.65  16.2183
0.65  16.2304
0.65  16.2304
0.65  15.8351
0.65  15.8362
0.65  15.8351
0.65  15.8362
0.65  15.8357
0.65  15.8357
0.65  17.8034
0.65  17.803
0.65  17.803
0.65  17.8034
0.65  17.693
0.65  17.693
0.65  17.0907
0.65  17.0907
0.65  16.9863
0.65  17.4842
0.65  16.9863
0.65  17.4842
0.65  16.9824
0.65  17.4855
0.65  16.9824
0.65  17.4855
0.65  17.298
0.65  17.298
0.65  17.298
0.65  17.298
0.65  13.9644
0.65  13.9644
0.7  38.3753
0.7  38.3753
0.7  37.908
0.7  37.7435
0.7  37.908
0.7  37.7435
0.7  36.7744
0.7  36.7744
0.7  36.7511
0.7  36.5122
0.7  36.7511
0.7  36.5122
0.7  35.9854
0.7  35.9854
0.7  35.8806
0.7  35.8806
0.7  35.8096
0.7  35.8096
0.7  35.7782
0.7  35.7782
0.7  35.0939
0.7  35.0939
0.7  34.8427
0.7  34.8427
0.7  34.7323
0.7  34.7281
0.7  34.7323
0.7  34.7281
0.7  34.4188
0.7  34.4889
0.7  34.4188
0.7  34.4889
0.7  33.7212
0.7  33.7208
0.7  33.7212
0.7  33.7208
0.7  33.0755
0.7  33.0825
0.7  33.0755
0.7  33.0825
0.7  32.8129
0.7  32.7917
0.7  32.8129
0.7  32.7917
0.7  33.4375
0.7  33.4375
0.7  32.1909
0.7  32.1909
0.7  32.2174
0.7  32.2174
0.7  31.6238
0.7  31.7066
0.7  31.6238
0.7  31.7066
0.7  31.6385
0.7  31.7073
0.7  31.6385
0.7  31.7073
0.7  30.5896
0.7  30.5527
0.7  30.5896
0.7  30.5527
0.7  31.3182
0.7  31.3182
0.7  29.7796
0.7  29.7796
0.7  29.5884
0.7  29.5837
0.7  29.5884
0.7  29.5837
0.7  28.9922
0.7  28.9946
0.7  28.9946
0.7  28.9922
0.7  28.1449
0.7  28.1451
0.7  28.1449
0.7  28.1451
0.7  27.6969
0.7  27.6969
0.7  27.7057
0.7  27.7057
0.7  27.9751
0.7  27.9751
0.7  27.1939
0.7  27.9751
0.7  27.1939
0.7  27.9751
0.7  25.4434
0.7  25.4355
0.7  25.4434
0.7  25.4355
0.7  25.2195
0.7  25.1919
0.7  25.1919
0.7  25.2195
0.7  24.9121
0.7  24.9132
0.7  24.9132
0.7  24.9121
0.7  23.9186
0.7  23.9125
0.7  23.9186
0.7  23.9125
0.7  24.0874
0.7  24.0874
0.7  22.929
0.7  22.9088
0.7  22.929
0.7  22.9088
0.7  22.6025
0.7  22.6127
0.7  22.6025
0.7  22.6127
0.7  22.2508
0.7  22.2508
0.7  1.38866
0.7  21.8908
0.7  1.38866
0.7  21.8908
0.7  21.8896
0.7  2.599
0.7  21.8896
0.7  2.599
0.7  21.1582
0.7  21.1623
0.7  21.1582
0.7  21.1623
0.7  2.72728
0.7  2.72728
0.7  4.32358
0.7  4.32348
0.7  4.32358
0.7  4.32348
0.7  5.5937
0.7  5.5937
0.7  4.92569
0.7  4.92519
0.7  4.92519
0.7  4.92569
0.7  20.6717
0.7  5.10433
0.7  20.6717
0.7  5.10433
0.7  6.99011
0.7  20.8058
0.7  6.99011
0.7  20.8058
0.7  7.24898
0.7  7.25061
0.7  7.25061
0.7  7.24898
0.7  19.8093
0.7  19.8093
0.7  19.8118
0.7  19.8118
0.7  8.53491
0.7  8.40616
0.7  8.53491
0.7  8.40616
0.7  8.40621
0.7  8.53297
0.7  8.40621
0.7  8.53297
0.7  8.91725
0.7  8.91736
0.7  8.91736
0.7  8.91725
0.7  9.36837
0.7  9.36902
0.7  9.36837
0.7  9.36902
0.7  9.40967
0.7  9.40941
0.7  9.40967
0.7  9.40941
0.7  10.5938
0.7  10.5938
0.7  11.3922
0.7  11.3922
0.7  11.3878
0.7  10.9858
0.7  11.3878
0.7  10.9858
0.7  12.0786
0.7  12.0786
0.7  12.0807
0.7  12.0807
0.7  12.2647
0.7  12.2647
0.7  12.644
0.7  12.6371
0.7  12.6371
0.7  12.644
0.7  13.3939
0.7  13.3948
0.7  13.3948
0.7  13.3939
0.7  13.7821
0.7  13.7841
0.7  13.7821
0.7  13.7841
0.7  14.4037
0.7  14.4037
0.7  14.8784
0.7  14.4037
0.7  14.8784
0.7  14.4037
0.7  14.8788
0.7  14.8788
0.7  15.6367
0.7  15.6367
0.7  15.6357
0.7  15.9464
0.7  15.9464
0.7  15.6357
0.7  16.3693
0.7  18.7305
0.7  16.3693
0.7  18.7305
0.7  18.7298
0.7  16.3815
0.7  18.7298
0.7  16.3815
0.7  18.5158
0.7  18.5158
0.7  18.5084
0.7  18.5084
0.7  18.2679
0.7  18.2546
0.7  18.2679
0.7  18.2546
0.7  18.2397
0.7  17.0255
0.7  18.2397
0.7  17.0255
0.7  17.0879
0.7  17.092
0.7  17.0879
0.7  17.092
0.7  17.5999
0.7  17.3222
0.7  17.5999
0.7  17.3222
0.7  17.3223
0.7  17.6011
0.7  17.6011
0.7  17.3223
0.7  17.7554
0.7  17.7551
0.7  17.7551
0.7  17.7554
0.7  17.722
0.7  17.722
0.7  13.7283
0.7  13.7283
0.75  38.3444
0.75  38.3444
0.75  37.9536
0.75  37.9536
0.75  37.6229
0.75  37.6229
0.75  36.7115
0.75  36.7115
0.75  36.6871
0.75  36.6871
0.75  36.4652
0.75  36.4652
0.75  36.0659
0.75  36.026
0.75  36.0659
0.75  36.026
0.75  35.9048
0.75  35.8735
0.75  35.9048
0.75  35.8735
0.75  35.0703
0.75  35.0703
0.75  34.8611
0.75  34.8611
0.75  34.423
0.75  34.6254
0.75  34.423
0.75  34.6254
0.75  34.6209
0.75  34.6209
0.75  34.4813
0.75  34.4813
0.75  33.5914
0.75  33.5909
0.75  33.5909
0.75  33.5914
0.75  33.2396
0.75  33.2464
0.75  33.2396
0.75  33.2464
0.75  32.7092
0.75  32.7092
0.75  32.6886
0.75  32.6886
0.75  33.3011
0.75  33.3011
0.75  32.1124
0.75  32.0845
0.75  32.1124
0.75  32.0845
0.75  31.7148
0.75  31.73
0.75  31.73
0.75  31.7148
0.75  31.9078
0.75  31.9078
0.75  31.9085
0.75  31.9085
0.75  30.7519
0.75  30.7519
0.75  30.7154
0.75  30.7154
0.75  31.5303
0.75  31.5303
0.75  29.5329
0.75  29.5285
0.75  29.5329
0.75  29.5285
0.75  29.5567
0.75  29.5567
0.75  29.0357
0.75  29.0383
0.75  29.0357
0.75  29.0383
0.75  28.1266
0.75  28.1269
0.75  28.1266
0.75  28.1269
0.75  27.5103
0.75  27.5015
0.75  27.5103
0.75  27.5015
0.75  27.9852
0.75  27.9853
0.75  27.9852
0.75  27.9853
0.75  27.4007
0.75  27.4007
0.75  25.6159
0.75  25.6239
0.75  25.6239
0.75  25.6159
0.75  25.0225
0.75  24.9955
0.75  25.0225
0.75  24.9955
0.75  24.6571
0.75  24.656
0.75  24.656
0.75  24.6571
0.75  23.8278
0.75  23.8342
0.75  23.8342
0.75  23.8278
0.75  23.1126
0.75  23.1126
0.75  23.0917
0.75  23.8113
0.75  23.0917
0.75  23.8113
0.75  22.733
0.75  22.7429
0.75  22.733
0.75  22.7429
0.75  22.137
0.75  22.137
0.75  22.1358
0.75  22.1067
0.75  22.1358
0.75  22.1067
0.75  1.48855
0.75  2.49699
0.75  1.48855
0.75  2.49699
0.75  21.0387
0.75  21.0347
0.75  21.0387
0.75  21.0347
0.75  20.7908
0.75  20.7908
0.75  2.92345
0.75  2.92345
0.75  4.36176
0.75  4.36163
0.75  4.36163
0.75  4.36176
0.75  5.707
0.75  5.707
0.75  4.86396
0.75  4.86441
0.75  4.86441
0.75  4.86396
0.75  21.0754
0.75  4.90398
0.75  21.0754
0.75  4.90398
0.75  6.87054
0.75  6.87054
0.75  19.9133
0.75  19.9107
0.75  19.9133
0.75  19.9107
0.75  7.35011
0.75  7.35177
0.75  7.35011
0.75  7.35177
0.75  10.731
0.75  10.731
0.75  8.42023
0.75  8.42214
0.75  8.42023
0.75  8.42214
0.75  8.46923
0.75  8.46929
0.75  8.46923
0.75  8.46929
0.75  8.94488
0.75  8.94475
0.75  8.94488
0.75  8.94475
0.75  9.30679
0.75  9.30679
0.75  9.30655
0.75  9.32142
0.75  9.32142
0.75  9.30655
0.75  9.32083
0.75  9.32083
0.75  11.488
0.75  11.4834
0.75  11.4834
0.75  11.488
0.75  11.2083
0.75  12.1241
0.75  11.2083
0.75  12.1241
0.75  12.2176
0.75  12.2197
0.75  12.2176
0.75  12.2197
0.75  12.5313
0.75  12.5246
0.75  12.5313
0.75  12.5246
0.75  16.0545
0.75  13.6399
0.75  13.6379
0.75  13.6379
0.75  13.6399
0.75  13.5698
0.75  13.5707
0.75  13.5698
0.75  13.5707
0.75  14.4325
0.75  14.4324
0.75  14.4325
0.75  14.4324
0.75  13.4935
0.75  13.4935
0.75  14.828
0.75  14.8284
0.75  14.828
0.75  14.8284
0.75  15.4392
0.75  15.4381
0.75  15.4381
0.75  15.4392
0.75  16.0545
0.75  16.5337
0.75  16.5213
0.75  16.5213
0.75  16.5337
0.75  18.6577
0.75  18.6569
0.75  18.6577
0.75  18.6569
0.75  16.9561
0.75  16.9561
0.75  18.3862
0.75  18.3791
0.75  18.3862
0.75  18.3791
0.75  18.1067
0.75  18.0934
0.75  18.0934
0.75  18.1067
0.75  18.1847
0.75  18.1847
0.75  17.1953
0.75  17.1997
0.75  17.1953
0.75  17.1997
0.75  17.3483
0.75  17.3484
0.75  17.3483
0.75  17.3484
0.75  17.7533
0.75  17.7533
0.75  17.714
0.75  17.714
0.75  17.7128
0.75  17.7128
0.75  17.7093
0.75  17.7093
0.75  17.709
0.75  17.709
0.8  38.3118
0.8  37.9982
0.8  38.3118
0.8  37.9982
0.8  37.4952
0.8  37.4952
0.8  36.645
0.8  36.6195
0.8  36.645
0.8  36.6195
0.8  36.4188
0.8  36.4188
0.8  36.2465
0.8  36.0673
0.8  36.2465
0.8  36.0673
0.8  35.9978
0.8  35.9668
0.8  35.9978
0.8  35.9668
0.8  35.0472
0.8  34.8799
0.8  35.0472
0.8  34.8799
0.8  34.4741
0.8  34.4275
0.8  34.4275
0.8  34.4741
0.8  34.5121
0.8  34.5074
0.8  34.5074
0.8  34.5121
0.8  33.3997
0.8  33.4063
0.8  33.3997
0.8  33.4063
0.8  33.4534
0.8  33.4538
0.8  33.4534
0.8  33.4538
0.8  33.1566
0.8  33.1566
0.8  32.6065
0.8  30.91
0.8  32.6065
0.8  30.91
0.8  32.5864
0.8  30.874
0.8  32.5864
0.8  30.874
0.8  31.8071
0.8  31.8071
0.8  32.0011
0.8  31.9719
0.8  32.0011
0.8  31.9719
0.8  32.1045
0.8  32.1045
0.8  32.1039
0.8  31.8228
0.8  32.1039
0.8  31.8228
0.8  31.7369
0.8  31.7369
0.8  29.4785
0.8  29.4743
0.8  29.4785
0.8  29.4743
0.8  29.335
0.8  29.335
0.8  29.0802
0.8  29.0829
0.8  29.0802
0.8  29.0829
0.8  28.1094
0.8  28.1092
0.8  28.1094
0.8  28.1092
0.8  27.6092
0.8  27.6092
0.8  27.9961
0.8  27.9961
0.8  27.3071
0.8  27.9961
0.8  27.9961
0.8  27.3071
0.8  27.3158
0.8  27.3158
0.8  25.806
0.8  25.7979
0.8  25.7979
0.8  25.806
0.8  24.8263
0.8  24.8
0.8  24.8263
0.8  24.8
0.8  24.4003
0.8  24.4014
0.8  24.4014
0.8  24.4003
0.8  23.7449
0.8  23.738
0.8  23.738
0.8  23.7449
0.8  23.2977
0.8  23.2762
0.8  23.2977
0.8  23.2762
0.8  22.8698
0.8  22.8698
0.8  23.5355
0.8  22.8602
0.8  23.5355
0.8  22.8602
0.8  1.58858
0.8  1.58858
0.8  22.3833
0.8  22.3845
0.8  22.3833
0.8  22.3845
0.8  2.39521
0.8  2.39521
0.8  21.9648
0.8  21.9648
0.8  3.11991
0.8  3.11991
0.8  4.40213
0.8  4.40229
0.8  4.40213
0.8  4.40229
0.8  4.805
0.8  4.805
0.8  4.80458
0.8  5.82083
0.8  4.80458
0.8  5.82083
0.8  4.70411
0.8  6.75157
0.8  4.70411
0.8  6.75157
0.8  7.45233
0.8  7.45402
0.8  21.3458
0.8  21.3458
0.8  20.917
0.8  20.9132
0.8  20.917
0.8  20.9132
0.8  20.9122
0.8  20.9122
0.8  7.45233
0.8  7.45402
0.8  8.31041
0.8  8.30851
0.8  8.31041
0.8  8.30851
0.8  8.53626
0.8  8.53634
0.8  8.53634
0.8  8.53626
0.8  8.97412
0.8  8.97428
0.8  8.97412
0.8  8.97428
0.8  9.27508
0.8  9.20717
0.8  9.27508
0.8  9.20717
0.8  9.2756
0.8  9.20696
0.8  9.2756
0.8  9.20696
0.8  11.5806
0.8  11.5854
0.8  10.8688
0.8  10.8688
0.8  20.0168
0.8  20.014
0.8  20.0168
0.8  20.014
0.8  11.5806
0.8  11.5854
0.8  11.9837
0.8  11.4319
0.8  11.9837
0.8  11.4319
0.8  12.4136
0.8  12.3572
0.8  12.4136
0.8  12.3572
0.8  12.3593
0.8  12.3593
0.8  12.4201
0.8  12.4201
0.8  13.4939
0.8  13.496
0.8  13.496
0.8  13.4939
0.8  13.7486
0.8  13.7476
0.8  13.7486
0.8  13.7476
0.8  13.2598
0.8  13.2598
0.8  14.463
0.8  14.4632
0.8  14.4632
0.8  14.463
0.8  14.7795
0.8  14.7799
0.8  14.7799
0.8  14.7795
0.8  15.2425
0.8  15.2435
0.8  15.2435
0.8  15.2425
0.8  16.1596
0.8  16.1596
0.8  18.5798
0.8  18.5806
0.8  18.5806
0.8  18.5798
0.8  16.687
0.8  16.6745
0.8  16.687
0.8  16.6745
0.8  18.2586
0.8  18.2586
0.8  18.2518
0.8  18.2518
0.8  16.8825
0.8  16.8825
0.8  18.1318
0.8  18.1318
0.8  17.9459
0.8  17.9327
0.8  17.9327
0.8  17.9459
0.8  17.824
0.8  17.8228
0.8  17.8228
0.8  17.824
0.8  17.665
0.8  17.665
0.8  17.6647
0.8  17.3048
0.8  17.6647
0.8  17.3048
0.8  17.3094
0.8  17.3094
0.8  17.3762
0.8  17.3763
0.8  17.3762
0.8  17.3763
0.8  17.7867
0.8  17.7867
0.85  38.2775
0.85  38.0418
0.85  38.2775
0.85  38.0418
0.85  37.3606
0.85  37.3606
0.85  36.5749
0.85  36.5484
0.85  36.5484
0.85  36.5749
0.85  36.4223
0.85  36.3728
0.85  36.4223
0.85  36.3728
0.85  36.1092
0.85  36.1092
0.85  36.0579
0.85  36.0884
0.85  36.0579
0.85  36.0884
0.85  35.0246
0.85  34.8992
0.85  35.0246
0.85  34.8992
0.85  34.4672
0.85  34.4322
0.85  34.4672
0.85  34.4322
0.85  34.3929
0.85  34.3879
0.85  34.3879
0.85  34.3929
0.85  33.5555
0.85  33.5619
0.85  33.5555
0.85  33.5619
0.85  33.3083
0.85  33.3088
0.85  33.3083
0.85  33.3088
0.85  31.0284
0.85  31.0639
0.85  31.0284
0.85  31.0639
0.85  32.5047
0.85  32.5047
0.85  32.4852
0.85  32.4852
0.85  33.0042
0.85  33.0042
0.85  32.2944
0.85  32.2944
0.85  32.2951
0.85  32.2951
0.85  31.8533
0.85  31.8837
0.85  31.8533
0.85  31.8837
0.85  31.9005
0.85  31.9168
0.85  31.9005
0.85  31.9168
0.85  29.4252
0.85  29.4213
0.85  31.9376
0.85  31.9376
0.85  29.4252
0.85  29.4213
0.85  29.1287
0.85  29.1287
0.85  29.1258
0.85  29.1258
0.85  29.1143
0.85  29.1143
0.85  27.8195
0.85  27.8195
0.85  28.0924
0.85  28.0926
0.85  28.0926
0.85  28.0924
0.85  27.1225
0.85  27.1225
0.85  28.0077
0.85  28.0077
0.85  28.0077
0.85  28.0077
0.85  27.1139
0.85  27.1139
0.85  25.9815
0.85  25.9897
0.85  25.9815
0.85  25.9897
0.85  24.6311
0.85  24.6311
0.85  24.1452
0.85  24.6054
0.85  24.6054
0.85  24.1464
0.85  24.1452
0.85  24.1464
0.85  1.68877
0.85  23.6508
0.85  23.6435
0.85  23.6508
0.85  23.6435
0.85  23.4621
0.85  23.4842
0.85  23.4621
0.85  23.4842
0.85  22.984
0.85  22.9933
0.85  22.9933
0.85  22.984
0.85  22.632
0.85  22.6331
0.85  22.632
0.85  22.6331
0.85  23.2599
0.85  23.2599
0.85  21.8253
0.85  21.8253
0.85  1.68877
0.85  2.29367
0.85  2.29367
0.85  21.6172
0.85  21.0358
0.85  21.6172
0.85  21.0358
0.85  20.7937
0.85  20.7974
0.85  20.7937
0.85  20.7974
0.85  5.9352
0.85  3.31668
0.85  3.31668
0.85  5.9352
0.85  4.74749
0.85  4.74711
0.85  4.74749
0.85  4.74711
0.85  4.44511
0.85  4.44511
0.85  4.44493
0.85  4.44493
0.85  6.6332
0.85  6.6332
0.85  20.1223
0.85  20.1223
0.85  20.1194
0.85  4.50469
0.85  20.1194
0.85  4.50469
0.85  7.55564
0.85  7.55736
0.85  7.55736
0.85  7.55564
0.85  8.19783
0.85  8.1997
0.85  8.1997
0.85  8.19783
0.85  8.60728
0.85  8.60719
0.85  8.60719
0.85  8.60728
0.85  9.23157
0.85  9.00533
0.85  9.23157
0.85  9.00533
0.85  9.00552
0.85  9.23111
0.85  9.00552
0.85  9.23111
0.85  9.1109
0.85  9.1107
0.85  9.1109
0.85  9.1107
0.85  11.0069
0.85  11.0069
0.85  11.8433
0.85  11.8433
0.85  11.6793
0.85  11.6843
0.85  11.6843
0.85  11.6793
0.85  12.3041
0.85  12.3104
0.85  12.3104
0.85  12.3041
0.85  12.4995
0.85  12.4995
0.85  11.6565
0.85  12.4974
0.85  11.6565
0.85  12.4974
0.85  13.3523
0.85  13.3503
0.85  13.3523
0.85  13.3503
0.85  13.0273
0.85  13.0273
0.85  13.9276
0.85  13.9276
0.85  13.9285
0.85  13.9285
0.85  15.0488
0.85  15.0498
0.85  15.0498
0.85  15.0488
0.85  14.4957
0.85  14.4958
0.85  14.4957
0.85  14.4958
0.85  14.7334
0.85  14.7331
0.85  14.7334
0.85  14.7331
0.85  16.2618
0.85  16.2618
0.85  18.4993
0.85  18.4984
0.85  18.4993
0.85  18.4984
0.85  16.8049
0.85  16.8049
0.85  16.8286
0.85  16.8412
0.85  16.8286
0.85  16.8412
0.85  18.1265
0.85  18.133
0.85  18.133
0.85  18.1265
0.85  18.0811
0.85  18.0811
0.85  17.9297
0.85  17.9297
0.85  17.9308
0.85  17.9308
0.85  17.7727
0.85  17.7858
0.85  17.7858
0.85  17.7727
0.85  17.8223
0.85  17.8223
0.85  17.6225
0.85  17.6225
0.85  17.6223
0.85  17.6223
0.85  17.4211
0.85  17.4162
0.85  17.4162
0.85  17.4211
0.85  17.406
0.85  17.406
0.85  17.4059
0.85  17.4059
0.9  38.2417
0.9  38.0843
0.9  38.2417
0.9  38.0843
0.9  37.2194
0.9  37.2194
0.9  36.593
0.9  36.593
0.9  36.5014
0.9  36.474
0.9  36.5014
0.9  36.474
0.9  36.3274
0.9  36.3274
0.9  36.1766
0.9  36.1766
0.9  36.1465
0.9  36.1516
0.9  36.1516
0.9  36.1465
0.9  35.0025
0.9  34.9189
0.9  35.0025
0.9  34.9189
0.9  34.4373
0.9  34.4606
0.9  34.4373
0.9  34.4606
0.9  34.2625
0.9  34.2677
0.9  34.2625
0.9  34.2677
0.9  33.7068
0.9  33.713
0.9  33.713
0.9  33.7068
0.9  33.1565
0.9  33.156
0.9  33.1565
0.9  33.156
0.9  31.2132
0.9  31.1783
0.9  31.2132
0.9  31.1783
0.9  31.729
0.9  31.7605
0.9  31.729
0.9  31.7605
0.9  32.0119
0.9  31.9952
0.9  31.9952
0.9  32.0119
0.9  32.385
0.9  32.404
0.9  32.385
0.9  32.404
0.9  32.4799
0.9  32.4799
0.9  32.4793
0.9  32.4793
0.9  32.8441
0.9  32.8441
0.9  32.1322
0.9  32.1322
0.9  29.3731
0.9  29.3693
0.9  29.3693
0.9  29.3731
0.9  29.1724
0.9  29.1754
0.9  29.1724
0.9  29.1754
0.9  28.895
0.9  28.895
0.9  26.9218
0.9  26.9303
0.9  26.9218
0.9  26.9303
0.9  28.0765
0.9  28.0766
0.9  28.0765
0.9  28.0766
0.9  28.0315
0.9  28.0315
0.9  28.02
0.9  28.02
0.9  28.02
0.9  28.02
0.9  26.1667
0.9  26.1749
0.9  26.1667
0.9  26.1749
0.9  24.437
0.9  24.4119
0.9  24.4119
0.9  24.437
0.9  23.8908
0.9  23.892
0.9  23.892
0.9  23.8908
0.9  23.6721
0.9  23.6495
0.9  23.6721
0.9  23.6495
0.9  23.5443
0.9  23.5519
0.9  23.5443
0.9  23.5519
0.9  23.113
0.9  23.104
0.9  23.104
0.9  23.113
0.9  22.8829
0.9  22.8818
0.9  22.8829
0.9  22.8818
0.9  22.9847
0.9  22.9847
0.9  1.78912
0.9  1.78912
0.9  2.19236
0.9  2.19236
0.9  21.688
0.9  21.688
0.9  21.1617
0.9  21.8893
0.9  21.1617
0.9  21.8893
0.9  3.51376
0.9  3.51376
0.9  4.48997
0.9  4.69159
0.9  4.48997
0.9  4.69159
0.9  4.49018
0.9  4.69193
0.9  4.49018
0.9  4.69193
0.9  6.05011
0.9  6.05011
0.9  4.3057
0.9  6.51542
0.9  4.3057
0.9  6.51542
0.9  20.6763
0.9  20.6798
0.9  20.6763
0.9  20.6798
0.9  20.2267
0.9  20.2298
0.9  20.2267
0.9  20.2298
0.9  7.66177
0.9  7.66003
0.9  7.66003
0.9  7.66177
0.9  8.08817
0.9  8.09002
0.9  8.09002
0.9  8.08817
0.9  8.68195
0.9  8.68206
0.9  8.68206
0.9  8.68195
0.9  9.18894
0.9  9.18934
0.9  9.18934
0.9  9.18894
0.9  9.01786
0.9  9.01803
0.9  9.01803
0.9  9.01786
0.9  9.03839
0.9  9.03862
0.9  9.03839
0.9  9.03862
0.9  11.1455
0.9  11.1455
0.9  11.7032
0.9  11.7032
0.9  11.7848
0.9  11.7796
0.9  11.7796
0.9  11.7848
0.9  12.2022
0.9  12.1961
0.9  12.1961
0.9  12.2022
0.9  12.6404
0.9  12.6383
0.9  12.6383
0.9  12.6404
0.9  13.207
0.9  13.207
0.9  13.209
0.9  13.209
0.9  11.8822
0.9  11.8822
0.9  12.796
0.9  12.796
0.9  14.1095
0.9  14.1104
0.9  14.1104
0.9  14.1095
0.9  14.857
0.9  14.5303
0.9  14.857
0.9  14.5303
0.9  14.5305
0.9  14.858
0.9  14.5305
0.9  14.858
0.9  14.6889
0.9  14.6886
0.9  14.6889
0.9  14.6886
0.9  16.3609
0.9  16.3609
0.9  16.7234
0.9  16.7234
0.9  16.9838
0.9  18.4139
0.9  16.9838
0.9  18.4139
0.9  16.9965
0.9  16.9965
0.9  18.413
0.9  18.413
0.9  17.4375
0.9  17.4374
0.9  17.4374
0.9  17.4375
0.9  17.86
0.9  17.86
0.9  17.5297
0.9  17.5297
0.9  17.5347
0.9  17.5347
0.9  17.6133
0.9  17.6264
0.9  17.6264
0.9  17.6133
0.9  18.0032
0.9  18.0032
0.9  18.0093
0.9  18.0093
0.9  18.0345
0.9  18.0345
0.9  18.0334
0.9  18.0334
0.9  17.5817
0.9  17.5817
0.9  17.5819
0.9  18.0325
0.9  17.5819
0.9  18.0325
0.95  38.2044
0.95  38.1257
0.95  38.2044
0.95  38.1257
0.95  37.0718
0.95  36.7583
0.95  37.0718
0.95  36.7583
0.95  36.4247
0.95  36.3965
0.95  36.4247
0.95  36.3965
0.95  36.1947
0.95  36.2826
0.95  36.1947
0.95  36.2826
0.95  36.2621
0.95  36.2326
0.95  36.2621
0.95  36.2326
0.95  34.9809
0.95  34.9391
0.95  34.9809
0.95  34.9391
0.95  34.4543
0.95  34.4427
0.95  34.4543
0.95  34.4427
0.95  34.1315
0.95  34.137
0.95  34.137
0.95  34.1315
0.95  33.8594
0.95  33.8534
0.95  33.8534
0.95  33.8594
0.95  31.3236
0.95  31.3577
0.95  31.3236
0.95  31.3577
0.95  31.5991
0.95  31.6316
0.95  31.5991
0.95  31.6316
0.95  32.9967
0.95  32.9967
0.95  32.9973
0.95  32.9973
0.95  32.091
0.95  32.1082
0.95  32.091
0.95  32.1082
0.95  32.2859
0.95  32.2859
0.95  32.3043
0.95  32.3043
0.95  32.6581
0.95  32.6587
0.95  32.6581
0.95  32.6587
0.95  32.6766
0.95  32.3204
0.95  32.3204
0.95  32.6766
0.95  29.3221
0.95  29.3185
0.95  29.3221
0.95  29.3185
0.95  29.2232
0.95  29.22
0.95  29.2232
0.95  29.22
0.95  28.6769
0.95  28.6769
0.95  28.2451
0.95  28.2451
0.95  28.033
0.95  28.0614
0.95  28.0614
0.95  28.033
0.95  28.0612
0.95  28.0612
0.95  28.0331
0.95  28.0331
0.95  26.7394
0.95  26.7309
0.95  26.7309
0.95  26.7394
0.95  26.3533
0.95  26.3617
0.95  26.3533
0.95  26.3617
0.95  24.2439
0.95  24.2439
0.95  24.2194
0.95  1.88964
0.95  24.2194
0.95  1.88964
0.95  23.8615
0.95  23.8382
0.95  23.8615
0.95  23.8382
0.95  23.6372
0.95  23.6384
0.95  23.6384
0.95  23.6372
0.95  23.4486
0.95  23.4406
0.95  23.4486
0.95  23.4406
0.95  23.2203
0.95  23.2289
0.95  23.2289
0.95  23.2203
0.95  23.1326
0.95  23.1338
0.95  23.1326
0.95  23.1338
0.95  2.09125
0.95  2.09125
0.95  22.7099
0.95  21.553
0.95  22.7099
0.95  21.553
0.95  22.1622
0.95  22.1622
0.95  21.2899
0.95  21.2899
0.95  3.71119
0.95  3.71119
0.95  4.53721
0.95  4.53744
0.95  4.53744
0.95  4.53721
0.95  4.63837
0.95  4.63806
0.95  4.63837
0.95  4.63806
0.95  6.16559
0.95  6.16559
0.95  4.10714
0.95  6.39824
0.95  4.10714
0.95  6.39824
0.95  20.5643
0.95  20.5609
0.95  20.5609
0.95  20.5643
0.95  20.3393
0.95  20.3393
0.95  7.76548
0.95  20.3361
0.95  7.76725
0.95  20.3361
0.95  7.76548
0.95  7.76725
0.95  7.98138
0.95  7.97956
0.95  7.98138
0.95  7.97956
0.95  8.76059
0.95  8.76046
0.95  8.76046
0.95  8.76059
0.95  8.92865
0.95  8.92849
0.95  8.92865
0.95  8.92849
0.95  9.14857
0.95  9.14893
0.95  9.14857
0.95  9.14893
0.95  9.07356
0.95  9.07329
0.95  9.07356
0.95  9.07329
0.95  11.2844
0.95  11.5633
0.95  11.2844
0.95  11.5633
0.95  11.8814
0.95  11.8869
0.95  11.8869
0.95  11.8814
0.95  12.0897
0.95  12.0955
0.95  12.0955
0.95  12.0897
0.95  13.0662
0.95  12.7797
0.95  12.7797
0.95  13.0662
0.95  13.0641
0.95  12.7818
0.95  13.0641
0.95  12.7818
0.95  12.5659
0.95  12.109
0.95  12.5659
0.95  12.109
0.95  14.2934
0.95  14.2944
0.95  14.2944
0.95  14.2934
0.95  14.5671
0.95  14.5669
0.95  14.5669
0.95  14.5671
0.95  14.6672
0.95  14.6682
0.95  14.6672
0.95  14.6682
0.95  14.6463
0.95  14.6461
0.95  14.6461
0.95  14.6463
0.95  16.4567
0.95  16.6381
0.95  16.4567
0.95  16.6381
0.95  18.3237
0.95  18.3246
0.95  18.3246
0.95  18.3237
0.95  18.1348
0.95  18.1348
0.95  18.1337
0.95  18.1337
0.95  17.1399
0.95  17.1399
0.95  17.1527
0.95  17.1527
0.95  17.9861
0.95  17.9861
0.95  17.8818
0.95  17.8877
0.95  17.8818
0.95  17.8877
0.95  17.8999
0.95  17.8999
0.95  17.6504
0.95  17.6451
0.95  17.6504
0.95  17.6451
0.95  17.5429
0.95  17.5429
0.95  17.543
0.95  17.543
0.95  17.4547
0.95  17.4547
0.95  17.4677
0.95  17.4677
0.95  17.4708
0.95  17.4709
0.95  17.4709
0.95  17.4708
1  38.1657
1  38.1657
1  38.1657
1  36.918
1  38.1657
1  36.918
1  36.918
1  36.918
1  36.2384
1  36.2384
1  36.2384
1  36.2384
1  36.3449
1  36.3449
1  36.3449
1  36.3449
1  36.316
1  36.316
1  36.316
1  36.316
1  34.4483
1  34.9597
1  34.9597
1  34.9597
1  34.9597
1  34.4483
1  34.4483
1  34.4483
1  34.0008
1  33.995
1  33.995
1  34.0008
1  34.0008
1  33.995
1  34.0008
1  33.995
1  31.4973
1  31.4639
1  31.4973
1  31.4639
1  31.4973
1  31.4639
1  31.4639
1  31.4973
1  32.1879
1  32.2057
1  32.2057
1  32.1879
1  32.1879
1  32.2057
1  32.2057
1  32.1879
1  32.5019
1  32.5019
1  32.8312
1  32.8307
1  32.8312
1  32.8307
1  32.8312
1  32.8307
1  32.8312
1  32.8307
1  32.5019
1  32.5019
1  29.2721
1  29.2721
1  29.2721
1  29.2687
1  29.2721
1  29.2687
1  28.4603
1  29.2687
1  28.4603
1  28.4603
1  29.2687
1  28.4603
1  28.0469
1  28.0467
1  28.0467
1  28.0469
1  28.0469
1  28.0467
1  28.0467
1  28.0469
1  26.5499
1  26.5499
1  26.5499
1  26.5499
1  26.5414
1  26.5414
1  26.5414
1  26.5414
1  1.99035
1  1.99035
1  1.99035
1  1.99035
1  24.0521
1  24.0282
1  24.0282
1  24.0521
1  24.0521
1  24.0282
1  24.0521
1  24.0282
1  23.3408
1  23.3325
1  23.3408
1  23.3325
1  23.3325
1  23.3408
1  23.3408
1  23.3325
1  23.3856
1  23.3856
1  23.3856
1  23.3856
1  23.3845
1  21.4203
1  23.3845
1  21.4203
1  23.3845
1  21.4203
1  23.3845
1  21.4203
1  22.4358
1  22.4358
1  22.4358
1  22.4358
1  6.28163
1  3.90897
1  6.28163
1  3.90897
1  6.28163
1  3.90897
1  3.90897
1  6.28163
1  4.58686
1  4.58659
1  4.58686
1  4.58659
1  4.58686
1  4.58659
1  4.58686
1  4.58659
1  20.4508
1  20.4475
1  20.4475
1  20.4508
1  20.4508
1  20.4475
1  20.4508
1  20.4475
1  7.87379
1  7.87379
1  7.87199
1  7.87199
1  7.87199
1  7.87379
1  7.87379
1  7.87199
1  8.84267
1  8.84281
1  8.84267
1  8.84281
1  8.84281
1  8.84267
1  8.84281
1  8.84267
1  9.11002
1  9.11033
1  9.11002
1  9.11033
1  9.11002
1  9.11033
1  9.11002
1  9.11033
1  11.4237
1  11.4237
1  11.4237
1  11.4237
1  11.9904
1  11.9848
1  11.9848
1  11.9904
1  11.9904
1  11.9848
1  11.9904
1  11.9848
1  12.9216
1  12.9237
1  12.9237
1  12.9216
1  12.9237
1  12.9216
1  12.9237
1  12.9216
1  12.3369
1  12.3369
1  12.3369
1  12.3369
1  16.5492
1  16.5492
1  16.5492
1  16.5492
1  14.4793
1  14.4803
1  14.4803
1  14.4793
1  14.4793
1  14.4803
1  14.4793
1  14.4803
1  14.6057
1  14.6057
1  14.6055
1  14.6055
1  14.6055
1  14.6057
1  14.6057
1  14.6055
1  18.2315
1  18.2305
1  18.2315
1  18.2305
1  18.2315
1  18.2305
1  18.2305
1  18.2315
1  17.2968
1  17.2968
1  17.2968
1  17.2968
1  17.3098
1  17.9419
1  17.3098
1  17.9419
1  17.3098
1  17.9419
1  17.3098
1  17.9419
1  17.7681
1  17.7681
1  17.7681
1  17.7681
1  17.7625
1  17.7625
1  17.7625
1  17.7625
1  17.5059
1  17.5059
1  17.5061
1  17.5061
1  17.5061
1  17.5059
1  17.5059
1  17.5061
