0  29.0428
0  28.2957
0  26.5648
0  28.2957
0  26.2873
0  26.5648
0  26.5665
0  25.1535
0  26.5665
0  25.1535
0  24.3943
0  24.3943
0  23.7783
0  23.8058
0  23.7828
0  23.8058
0  24.3376
0  23.3983
0  24.3376
0  23.3983
0  22.9267
0  22.8632
0  22.8632
0  22.9267
0  22.4029
0  22.4889
0  22.4029
0  21.8788
0  22.2907
0  21.7488
0  21.7488
0  21.6608
0  22.2869
0  2.05937e-07
0  22.2869
0  -nan
0  20.7778
0  20.373
0  20.7778
0  20.373
0  19.7212
0  19.7338
0  19.7338
0  19.7401
0  20.7503
0  20.7503
0  20.6464
0  20.6464
0  19.3464
0  18.8543
0  18.8267
0  18.8267
0  18.8592
0  4.04858
0  4.04858
0  16.2172
0  16.2172
0  17.8623
0  17.8623
0  17.5764
0  17.5764
0  17.5393
0  17.5393
0  17.5786
0  17.5371
0  17.5786
0  17.5371
0  15.7239
0  15.7239
0  15.7598
0  15.7598
0  3.90374
0  3.90374
0  5.74648
0  5.62956
0  5.74648
0  5.87268
0  14.7646
0  14.6933
0  14.6933
0  14.6798
0  14.6798
0  13.0605
0  13.0605
0  12.0524
0  12.0524
0  12.0281
0  11.9103
0  11.6737
0  11.6737
0  10.3734
0  10.3734
0  10.5711
0  10.5711
0  10.6213
0  10.7796
0  10.9317
0  11.1727
0  11.4747
0  11.1727
0  11.3447
0  11.3377
0  11.3447
0  13.2215
0  13.2215
0  11.3518
0  7.95126
0  7.95126
0  8.0062
0  8.0062
0  8.02447
0  8.02447
0  12.8894
0  12.8894
0  7.66679
0  7.66679
0  13.2269
0  13.2269
0  8.93565
0  9.05748
0  8.93565
0  9.05748
0  9.09504
0  9.09504
0  8.9342
0  9.05845
0  8.9342
0  9.05845
0  29.0428
0  28.2957
0  26.5648
0  28.2957
0  26.2873
0  26.5648
0  26.5665
0  25.1535
0  26.5665
0  25.1535
0  24.3943
0  24.3943
0  23.7783
0  23.8058
0  23.8058
0  23.7828
0  23.3983
0  24.3376
0  23.3983
0  24.3376
0  22.9267
0  22.8632
0  22.9267
0  22.8632
0  22.4029
0  22.4029
0  22.4889
0  22.2907
0  21.8788
0  21.7488
0  21.7488
0  21.6608
0  22.2869
0  3.20209e-07
0  22.2869
0  9.52609e-07
0  20.373
0  20.7778
0  20.7778
0  20.373
0  19.7338
0  19.7212
0  19.7338
0  20.7503
0  19.7401
0  20.7503
0  20.6464
0  19.3464
0  20.6464
0  18.8267
0  18.8267
0  18.8592
0  18.8543
0  4.04858
0  4.04858
0  3.90374
0  3.90374
0  5.62956
0  5.74648
0  5.74648
0  5.87268
0  16.2172
0  16.2172
0  17.8623
0  17.5393
0  17.8623
0  17.5393
0  15.7239
0  17.5764
0  15.7239
0  17.5764
0  15.7598
0  15.7598
0  17.5371
0  17.5371
0  14.7646
0  14.6798
0  14.6933
0  14.6933
0  17.5786
0  17.5786
0  14.6798
0  7.95126
0  13.2215
0  13.0605
0  13.0605
0  7.95126
0  13.2215
0  8.0062
0  8.0062
0  8.02447
0  8.02447
0  12.0281
0  12.0524
0  12.0524
0  11.9103
0  11.6737
0  10.3734
0  10.3734
0  11.6737
0  10.5711
0  10.5711
0  10.6213
0  10.7796
0  10.9317
0  11.1727
0  11.1727
0  11.4747
0  11.3447
0  11.3447
0  11.3518
0  11.3377
0  7.66679
0  7.66679
0  13.2269
0  12.8894
0  13.2269
0  12.8894
0  8.93565
0  8.93565
0  9.05748
0  9.05748
0  9.09504
0  9.09504
0  8.9342
0  9.05845
0  8.9342
0  9.05845
0.05  28.2936
0.05  29.0398
0.05  29.0398
0.05  28.2936
0.05  28.292
0.05  28.292
0.05  26.6312
0.05  26.6312
0.05  26.5037
0.05  26.5037
0.05  26.5627
0.05  26.5627
0.05  26.561
0.05  26.2852
0.05  26.2852
0.05  26.561
0.05  25.1604
0.05  25.1604
0.05  25.1505
0.05  25.1505
0.05  24.3924
0.05  24.4482
0.05  24.3924
0.05  24.4482
0.05  24.3356
0.05  24.3028
0.05  24.3356
0.05  24.3028
0.05  23.8389
0.05  23.8389
0.05  23.7484
0.05  23.7484
0.05  23.777
0.05  23.777
0.05  23.3974
0.05  23.3974
0.05  23.8022
0.05  23.8022
0.05  23.39
0.05  23.39
0.05  22.9272
0.05  22.9272
0.05  22.8648
0.05  22.9233
0.05  22.8648
0.05  22.9233
0.05  22.8672
0.05  22.8672
0.05  22.518
0.05  22.518
0.05  22.401
0.05  22.401
0.05  21.8738
0.05  22.277
0.05  21.8738
0.05  22.277
0.05  22.2867
0.05  21.7836
0.05  22.2867
0.05  21.7836
0.05  22.4266
0.05  21.6117
0.05  22.4266
0.05  21.6117
0.05  22.3077
0.05  22.3077
0.05  21.7174
0.05  21.7174
0.05  20.7885
0.05  20.7885
0.05  20.7402
0.05  20.7565
0.05  20.7402
0.05  20.7565
0.05  20.3733
0.05  20.7858
0.05  20.3733
0.05  20.7858
0.05  20.646
0.05  20.646
0.05  20.6326
0.05  20.6326
0.05  20.3774
0.05  20.3774
0.05  19.7327
0.05  19.349
0.05  19.7327
0.05  19.349
0.05  19.8187
0.05  19.8187
0.05  19.7295
0.05  19.6471
0.05  19.7295
0.05  19.6471
0.05  0.0988759
0.05  18.8165
0.05  0.0988759
0.05  18.8165
0.05  18.9748
0.05  18.9748
0.05  18.8464
0.05  18.8464
0.05  18.7043
0.05  18.7043
0.05  0.194188
0.05  0.194188
0.05  17.7008
0.05  17.7008
0.05  17.8636
0.05  17.8636
0.05  17.8618
0.05  17.8618
0.05  17.6238
0.05  17.6238
0.05  17.7037
0.05  17.4542
0.05  17.7037
0.05  17.4542
0.05  17.6634
0.05  17.6634
0.05  17.4073
0.05  17.4073
0.05  17.4932
0.05  17.4932
0.05  17.4087
0.05  17.4087
0.05  3.85161
0.05  3.85161
0.05  3.90534
0.05  3.90534
0.05  16.2164
0.05  16.2164
0.05  4.10094
0.05  4.10094
0.05  16.2244
0.05  16.2244
0.05  4.0497
0.05  4.0497
0.05  15.7251
0.05  15.7251
0.05  15.9009
0.05  15.9009
0.05  15.7609
0.05  15.577
0.05  15.7609
0.05  15.577
0.05  5.7092
0.05  5.91092
0.05  5.7092
0.05  5.91092
0.05  14.6059
0.05  14.6059
0.05  14.7652
0.05  14.7652
0.05  14.6868
0.05  14.6868
0.05  5.59304
0.05  5.59304
0.05  14.7605
0.05  14.7605
0.05  5.78424
0.05  5.78424
0.05  14.7004
0.05  14.7004
0.05  13.0591
0.05  13.0591
0.05  13.217
0.05  13.2618
0.05  13.217
0.05  13.2618
0.05  13.2226
0.05  13.2226
0.05  13.1866
0.05  13.1866
0.05  13.123
0.05  13.123
0.05  7.5644
0.05  7.93142
0.05  7.5644
0.05  7.93142
0.05  7.9533
0.05  7.66928
0.05  7.9533
0.05  7.66928
0.05  12.8881
0.05  8.09634
0.05  12.8881
0.05  8.09634
0.05  12.8289
0.05  8.02508
0.05  12.8289
0.05  8.02508
0.05  8.00683
0.05  8.05408
0.05  8.05408
0.05  8.00683
0.05  12.0551
0.05  12.0551
0.05  12.0699
0.05  12.016
0.05  12.0699
0.05  12.016
0.05  11.672
0.05  11.672
0.05  11.9097
0.05  11.9097
0.05  11.5121
0.05  11.5121
0.05  11.6738
0.05  10.9375
0.05  11.6738
0.05  10.9375
0.05  11.1419
0.05  11.1419
0.05  11.3953
0.05  10.6799
0.05  10.6799
0.05  11.3953
0.05  11.2867
0.05  10.5009
0.05  11.2867
0.05  10.5009
0.05  10.3756
0.05  10.7701
0.05  10.3756
0.05  10.7701
0.05  10.5486
0.05  10.3752
0.05  10.5486
0.05  10.3752
0.05  11.4024
0.05  11.2026
0.05  11.2026
0.05  11.4024
0.05  8.91884
0.05  8.98878
0.05  8.98878
0.05  8.91884
0.05  8.86485
0.05  9.12612
0.05  8.86485
0.05  9.12612
0.05  8.91718
0.05  8.91718
0.05  9.09644
0.05  9.0948
0.05  9.09644
0.05  9.0948
0.05  9.00394
0.05  9.00394
0.05  9.07651
0.05  9.07651
0.05  9.07573
0.05  9.07573
0.05  11.2937
0.05  11.2937
0.1  29.0309
0.1  28.2874
0.1  29.0309
0.1  28.2874
0.1  28.281
0.1  26.6995
0.1  28.281
0.1  26.6995
0.1  26.4464
0.1  26.4464
0.1  26.5514
0.1  26.5514
0.1  25.1802
0.1  26.5497
0.1  26.2791
0.1  26.5497
0.1  26.2791
0.1  25.1802
0.1  25.1412
0.1  25.1412
0.1  24.3865
0.1  24.5371
0.1  24.3865
0.1  24.5371
0.1  24.3296
0.1  24.3296
0.1  24.271
0.1  24.271
0.1  23.883
0.1  23.883
0.1  23.7663
0.1  23.7075
0.1  23.7663
0.1  23.7075
0.1  23.7915
0.1  23.3947
0.1  23.7915
0.1  23.3947
0.1  23.3649
0.1  23.3649
0.1  22.9288
0.1  22.8697
0.1  22.9288
0.1  22.8697
0.1  22.9132
0.1  22.5895
0.1  22.9132
0.1  22.5895
0.1  22.8793
0.1  22.8793
0.1  22.4067
0.1  22.4067
0.1  22.248
0.1  22.248
0.1  22.2864
0.1  22.2864
0.1  22.499
0.1  22.499
0.1  21.8314
0.1  21.8594
0.1  21.8314
0.1  21.8594
0.1  22.3416
0.1  22.3416
0.1  21.5238
0.1  21.5238
0.1  21.6382
0.1  21.6382
0.1  20.8072
0.1  20.775
0.1  20.7231
0.1  0.19775
0.1  0.19775
0.1  0.388374
0.1  0.388374
0.1  20.7231
0.1  20.775
0.1  20.8072
0.1  20.374
0.1  20.8076
0.1  20.8076
0.1  20.374
0.1  20.6447
0.1  20.6447
0.1  20.5936
0.1  20.5936
0.1  20.3904
0.1  20.3904
0.1  19.7291
0.1  19.9058
0.1  19.7291
0.1  19.9058
0.1  19.357
0.1  19.357
0.1  3.76111
0.1  3.76111
0.1  19.7259
0.1  19.7259
0.1  3.91015
0.1  3.91015
0.1  19.5643
0.1  4.19209
0.1  19.5643
0.1  4.19209
0.1  18.7861
0.1  18.7861
0.1  19.1019
0.1  19.1019
0.1  18.8155
0.1  18.8155
0.1  4.05306
0.1  18.5642
0.1  4.05306
0.1  18.5642
0.1  17.711
0.1  17.3718
0.1  17.711
0.1  17.3718
0.1  17.8367
0.1  17.8367
0.1  17.7509
0.1  17.7509
0.1  17.8674
0.1  17.8674
0.1  17.8604
0.1  17.8604
0.1  17.8403
0.1  17.8403
0.1  17.2548
0.1  17.2548
0.1  17.4105
0.1  17.2553
0.1  17.4105
0.1  17.2553
0.1  5.642
0.1  5.642
0.1  5.98099
0.1  5.98099
0.1  16.214
0.1  16.214
0.1  15.7286
0.1  15.7286
0.1  16.2458
0.1  16.2458
0.1  5.52838
0.1  5.52838
0.1  16.0524
0.1  16.0524
0.1  5.85264
0.1  5.85264
0.1  15.7645
0.1  15.7645
0.1  15.4084
0.1  14.8415
0.1  15.4084
0.1  14.8415
0.1  14.5239
0.1  14.7078
0.1  14.7078
0.1  14.5239
0.1  14.7484
0.1  14.7213
0.1  14.7484
0.1  14.7213
0.1  7.38668
0.1  7.84558
0.1  7.38668
0.1  7.84558
0.1  7.9594
0.1  7.67673
0.1  7.9594
0.1  7.67673
0.1  8.17346
0.1  8.0269
0.1  8.0269
0.1  8.17346
0.1  13.055
0.1  13.204
0.1  13.055
0.1  13.204
0.1  13.2994
0.1  13.2994
0.1  13.2345
0.1  13.2345
0.1  13.2085
0.1  13.1494
0.1  13.2085
0.1  13.1494
0.1  12.8842
0.1  12.8842
0.1  8.00871
0.1  12.7252
0.1  8.00871
0.1  12.7252
0.1  8.2331
0.1  8.2331
0.1  9.19326
0.1  8.91858
0.1  8.91858
0.1  9.19326
0.1  8.79372
0.1  8.88317
0.1  8.79372
0.1  8.88317
0.1  8.88112
0.1  8.88112
0.1  9.09405
0.1  9.10064
0.1  9.09405
0.1  9.10064
0.1  9.11593
0.1  9.11593
0.1  9.07189
0.1  9.07189
0.1  9.11551
0.1  9.11551
0.1  12.0629
0.1  12.0629
0.1  10.4057
0.1  10.4057
0.1  10.3823
0.1  10.3823
0.1  10.734
0.1  10.734
0.1  10.3806
0.1  10.4862
0.1  10.3806
0.1  10.4862
0.1  10.9569
0.1  12.1
0.1  10.9569
0.1  12.1
0.1  11.0812
0.1  12.0028
0.1  11.0812
0.1  12.0028
0.1  11.9071
0.1  11.9071
0.1  11.5975
0.1  11.5975
0.1  10.7513
0.1  11.6668
0.1  10.7513
0.1  11.6668
0.1  11.4489
0.1  11.4489
0.1  11.2319
0.1  11.2319
0.1  11.674
0.1  11.674
0.1  11.456
0.1  11.456
0.1  11.2388
0.1  11.2388
0.1  11.2776
0.1  11.2776
0.15  29.0161
0.15  28.2769
0.15  29.0161
0.15  28.2769
0.15  26.7699
0.15  28.2626
0.15  28.2626
0.15  26.7699
0.15  25.2106
0.15  26.3955
0.15  26.5326
0.15  26.3955
0.15  26.5326
0.15  26.5309
0.15  26.2689
0.15  26.5309
0.15  26.2689
0.15  25.2106
0.15  25.1258
0.15  25.1258
0.15  24.3768
0.15  24.6394
0.15  24.6394
0.15  24.3768
0.15  23.9287
0.15  23.9287
0.15  24.3196
0.15  24.3196
0.15  24.2624
0.15  24.2624
0.15  23.7484
0.15  23.6671
0.15  23.7484
0.15  23.6671
0.15  23.7737
0.15  23.3902
0.15  23.7737
0.15  23.3902
0.15  23.3228
0.15  23.3228
0.15  22.9315
0.15  22.9315
0.15  22.878
0.15  22.6877
0.15  22.878
0.15  22.6877
0.15  22.4265
0.15  22.8997
0.15  22.4265
0.15  22.8997
0.15  22.8963
0.15  22.8963
0.15  22.2858
0.15  22.2858
0.15  22.2012
0.15  22.6076
0.15  22.2012
0.15  22.6076
0.15  21.873
0.15  21.873
0.15  21.8377
0.15  21.8377
0.15  22.3802
0.15  22.3802
0.15  21.423
0.15  21.423
0.15  21.5348
0.15  21.5348
0.15  20.8276
0.15  20.8057
0.15  20.8276
0.15  20.8057
0.15  0.296622
0.15  0.296622
0.15  20.7053
0.15  20.7053
0.15  20.3752
0.15  20.8409
0.15  20.3752
0.15  20.8409
0.15  20.6426
0.15  20.533
0.15  20.6426
0.15  20.533
0.15  20.4119
0.15  0.582555
0.15  20.4119
0.15  0.582555
0.15  19.7232
0.15  19.7232
0.15  19.9945
0.15  19.9945
0.15  19.3703
0.15  19.3703
0.15  19.72
0.15  19.72
0.15  19.4828
0.15  19.4828
0.15  19.2241
0.15  3.66421
0.15  19.2241
0.15  3.66421
0.15  3.91814
0.15  18.7365
0.15  3.91814
0.15  18.7365
0.15  4.29009
0.15  4.29009
0.15  18.7651
0.15  18.7651
0.15  18.4202
0.15  18.4202
0.15  17.2911
0.15  17.2911
0.15  17.9666
0.15  17.7996
0.15  17.9666
0.15  17.7996
0.15  17.9708
0.15  17.9708
0.15  17.8399
0.15  17.8399
0.15  17.8579
0.15  17.8579
0.15  17.8738
0.15  17.8738
0.15  17.3295
0.15  17.0975
0.15  17.3295
0.15  17.0975
0.15  17.0971
0.15  17.0971
0.15  4.05865
0.15  16.2099
0.15  4.05865
0.15  16.2099
0.15  16.2806
0.15  15.7346
0.15  16.2806
0.15  15.7346
0.15  5.56973
0.15  5.56973
0.15  16.1976
0.15  16.1976
0.15  6.05804
0.15  15.7705
0.15  6.05804
0.15  15.7705
0.15  5.45952
0.15  14.9159
0.15  5.45952
0.15  14.9159
0.15  5.92773
0.15  5.92773
0.15  15.2347
0.15  15.2347
0.15  14.742
0.15  14.4399
0.15  14.742
0.15  14.4399
0.15  14.7555
0.15  14.729
0.15  14.7555
0.15  14.729
0.15  7.19636
0.15  7.19636
0.15  7.75711
0.15  7.75711
0.15  7.96958
0.15  7.96958
0.15  7.68914
0.15  8.02993
0.15  7.68914
0.15  8.02993
0.15  13.183
0.15  13.0483
0.15  13.0483
0.15  13.183
0.15  13.3541
0.15  13.3541
0.15  13.3372
0.15  13.3372
0.15  8.24742
0.15  13.1884
0.15  8.24742
0.15  13.1884
0.15  13.1122
0.15  8.01186
0.15  13.1122
0.15  8.01186
0.15  8.42557
0.15  9.25939
0.15  8.42557
0.15  9.25939
0.15  8.84734
0.15  8.84734
0.15  8.84222
0.15  8.84222
0.15  9.09279
0.15  9.09279
0.15  9.10764
0.15  9.10764
0.15  8.72154
0.15  8.72154
0.15  12.8777
0.15  12.8777
0.15  8.83975
0.15  8.83975
0.15  9.16311
0.15  9.13879
0.15  9.16311
0.15  9.13879
0.15  12.616
0.15  12.616
0.15  9.16305
0.15  9.16305
0.15  10.3069
0.15  10.3069
0.15  10.3932
0.15  10.3932
0.15  10.9578
0.15  10.7513
0.15  10.9578
0.15  10.7513
0.15  11.0618
0.15  11.0618
0.15  10.3896
0.15  10.3896
0.15  10.3968
0.15  12.0762
0.15  10.3968
0.15  12.0762
0.15  10.732
0.15  10.732
0.15  11.1766
0.15  11.1766
0.15  12.1362
0.15  12.1362
0.15  11.7023
0.15  11.7023
0.15  11.9973
0.15  11.9973
0.15  11.6582
0.15  11.6582
0.15  11.5021
0.15  11.9011
0.15  11.9011
0.15  11.5021
0.15  11.5093
0.15  11.5093
0.15  11.1834
0.15  11.1834
0.15  11.3754
0.15  11.6745
0.15  11.3754
0.15  11.6745
0.2  28.2623
0.2  28.9955
0.2  28.9955
0.2  28.2623
0.2  28.2369
0.2  26.8419
0.2  28.2369
0.2  26.8419
0.2  26.353
0.2  26.5063
0.2  26.353
0.2  26.5063
0.2  26.5045
0.2  26.2546
0.2  26.5045
0.2  26.2546
0.2  25.2482
0.2  25.2482
0.2  25.1044
0.2  25.1044
0.2  24.7514
0.2  24.7514
0.2  24.3633
0.2  24.3633
0.2  23.9755
0.2  23.9755
0.2  24.3056
0.2  24.2778
0.2  24.3056
0.2  24.2778
0.2  23.7236
0.2  23.6276
0.2  23.7236
0.2  23.6276
0.2  23.3839
0.2  23.7489
0.2  23.3839
0.2  23.7489
0.2  23.2648
0.2  23.2648
0.2  22.9353
0.2  22.8902
0.2  22.9353
0.2  22.8902
0.2  22.8041
0.2  22.8041
0.2  22.9293
0.2  22.9293
0.2  22.4579
0.2  22.4579
0.2  22.8728
0.2  22.8728
0.2  22.7348
0.2  22.7348
0.2  22.285
0.2  22.285
0.2  22.1383
0.2  22.1383
0.2  21.9091
0.2  21.9091
0.2  21.8109
0.2  21.8109
0.2  22.4253
0.2  22.4253
0.2  21.3149
0.2  21.3149
0.2  21.4205
0.2  21.4205
0.2  20.849
0.2  20.849
0.2  20.8482
0.2  20.6877
0.2  20.8482
0.2  20.6877
0.2  20.3769
0.2  20.8851
0.2  20.3769
0.2  20.8851
0.2  20.6396
0.2  20.6396
0.2  20.4532
0.2  20.442
0.2  20.442
0.2  20.4532
0.2  20.0844
0.2  19.715
0.2  20.0844
0.2  19.715
0.2  0.39549
0.2  0.39549
0.2  19.3889
0.2  19.7118
0.2  19.3889
0.2  19.7118
0.2  19.4028
0.2  19.3409
0.2  19.4028
0.2  19.3409
0.2  18.6691
0.2  18.6691
0.2  0.776728
0.2  0.776728
0.2  18.6967
0.2  18.6967
0.2  18.2731
0.2  18.0897
0.2  18.0897
0.2  18.2731
0.2  17.212
0.2  18.0945
0.2  17.212
0.2  18.0945
0.2  17.8897
0.2  17.8897
0.2  17.9304
0.2  17.9304
0.2  17.8544
0.2  17.8544
0.2  17.8828
0.2  17.8828
0.2  16.9364
0.2  16.9364
0.2  3.56554
0.2  3.56554
0.2  17.2502
0.2  17.2502
0.2  3.92927
0.2  16.935
0.2  3.92927
0.2  16.935
0.2  4.39028
0.2  16.2042
0.2  4.39028
0.2  16.2042
0.2  15.743
0.2  15.743
0.2  16.328
0.2  16.328
0.2  4.06647
0.2  4.06647
0.2  16.3361
0.2  16.3361
0.2  5.49668
0.2  15.7789
0.2  15.7789
0.2  5.49668
0.2  6.13775
0.2  6.13775
0.2  5.39038
0.2  5.39038
0.2  14.9883
0.2  14.3541
0.2  14.9883
0.2  14.3541
0.2  14.7885
0.2  15.0564
0.2  14.7885
0.2  15.0564
0.2  6.00555
0.2  6.00555
0.2  14.7032
0.2  14.8018
0.2  14.7032
0.2  14.8018
0.2  7.00258
0.2  7.00258
0.2  7.66636
0.2  7.66636
0.2  13.4788
0.2  13.4788
0.2  13.3752
0.2  13.3752
0.2  13.0389
0.2  13.155
0.2  13.0389
0.2  13.155
0.2  7.9838
0.2  7.70647
0.2  7.9838
0.2  7.70647
0.2  8.03418
0.2  8.03418
0.2  13.1606
0.2  13.1606
0.2  13.0751
0.2  8.31792
0.2  13.0751
0.2  8.31792
0.2  12.8687
0.2  8.01625
0.2  12.8687
0.2  8.01625
0.2  8.77509
0.2  8.62234
0.2  8.77509
0.2  8.62234
0.2  8.80017
0.2  8.64832
0.2  8.80017
0.2  8.64832
0.2  9.32452
0.2  9.32452
0.2  9.09102
0.2  9.11742
0.2  9.09102
0.2  9.11742
0.2  8.79726
0.2  8.79726
0.2  9.21384
0.2  9.21384
0.2  9.20464
0.2  9.20464
0.2  9.21414
0.2  9.21414
0.2  10.2066
0.2  10.2066
0.2  12.5068
0.2  12.5068
0.2  12.0956
0.2  10.4086
0.2  12.0956
0.2  10.4086
0.2  10.2931
0.2  10.731
0.2  10.2931
0.2  10.731
0.2  10.9074
0.2  10.9074
0.2  10.4022
0.2  10.4022
0.2  12.1786
0.2  12.1786
0.2  10.7124
0.2  10.7124
0.2  11.8154
0.2  11.1208
0.2  11.8154
0.2  11.1208
0.2  12.0004
0.2  11.1254
0.2  12.0004
0.2  11.1254
0.2  11.8909
0.2  11.8909
0.2  11.555
0.2  11.555
0.2  11.6463
0.2  11.6463
0.2  11.4826
0.2  11.4826
0.2  11.5622
0.2  11.5622
0.2  11.6751
0.2  11.6751
0.2  11.1276
0.2  11.1276
0.25  28.9692
0.25  28.2434
0.25  28.9692
0.25  28.2434
0.25  26.9152
0.25  28.204
0.25  26.9152
0.25  28.204
0.25  26.3219
0.25  26.4726
0.25  26.3219
0.25  26.4726
0.25  25.2879
0.25  26.4708
0.25  26.2362
0.25  26.4708
0.25  26.2362
0.25  25.2879
0.25  25.077
0.25  24.8709
0.25  25.077
0.25  24.8709
0.25  24.3459
0.25  24.0235
0.25  24.3459
0.25  24.0235
0.25  24.3142
0.25  24.2877
0.25  24.2877
0.25  24.3142
0.25  23.6917
0.25  23.5892
0.25  23.6917
0.25  23.5892
0.25  23.3759
0.25  23.7171
0.25  23.3759
0.25  23.7171
0.25  23.1933
0.25  23.1933
0.25  22.9401
0.25  22.9401
0.25  22.9362
0.25  22.9362
0.25  22.9036
0.25  22.9036
0.25  22.4976
0.25  22.9729
0.25  22.4976
0.25  22.9729
0.25  22.2839
0.25  22.8665
0.25  22.2839
0.25  22.8665
0.25  22.8427
0.25  22.8427
0.25  22.0617
0.25  22.0617
0.25  21.9416
0.25  21.9416
0.25  22.4779
0.25  22.4779
0.25  21.7807
0.25  21.7807
0.25  21.2026
0.25  21.2026
0.25  0.494353
0.25  0.494353
0.25  21.3016
0.25  21.3016
0.25  20.8712
0.25  20.902
0.25  20.902
0.25  20.8712
0.25  20.6705
0.25  20.6705
0.25  20.94
0.25  20.94
0.25  20.3791
0.25  20.3791
0.25  20.6357
0.25  20.6357
0.25  20.4804
0.25  20.4804
0.25  20.3566
0.25  0.970891
0.25  20.3566
0.25  0.970891
0.25  20.1757
0.25  20.1757
0.25  19.7046
0.25  19.7046
0.25  19.4128
0.25  19.4128
0.25  19.7012
0.25  19.7012
0.25  3.46624
0.25  3.46624
0.25  19.4518
0.25  19.4518
0.25  19.3244
0.25  19.3244
0.25  18.5856
0.25  3.94351
0.25  18.5856
0.25  3.94351
0.25  4.49153
0.25  18.6122
0.25  4.49153
0.25  18.6122
0.25  18.2058
0.25  18.2058
0.25  17.9813
0.25  17.9813
0.25  18.2111
0.25  18.2111
0.25  18.1233
0.25  18.1233
0.25  17.1347
0.25  18.0224
0.25  17.1347
0.25  18.0224
0.25  17.8943
0.25  17.8499
0.25  17.8943
0.25  17.8499
0.25  4.07651
0.25  4.07651
0.25  5.42396
0.25  5.42396
0.25  17.1727
0.25  17.1727
0.25  16.7719
0.25  16.7719
0.25  16.1968
0.25  16.1968
0.25  16.7695
0.25  16.7695
0.25  15.7537
0.25  15.7537
0.25  16.4673
0.25  16.3868
0.25  16.4673
0.25  16.3868
0.25  5.322
0.25  5.322
0.25  15.7896
0.25  15.7896
0.25  6.219
0.25  6.219
0.25  15.0587
0.25  6.08507
0.25  15.0587
0.25  6.08507
0.25  14.2665
0.25  14.8461
0.25  14.2665
0.25  14.8461
0.25  14.8594
0.25  14.8742
0.25  14.8594
0.25  14.8742
0.25  14.672
0.25  14.672
0.25  6.80757
0.25  6.80757
0.25  7.57356
0.25  7.57356
0.25  13.6067
0.25  7.7287
0.25  13.6067
0.25  7.7287
0.25  8.00206
0.25  8.03963
0.25  8.00206
0.25  8.03963
0.25  13.4133
0.25  13.4133
0.25  8.38476
0.25  8.38476
0.25  13.1212
0.25  13.1212
0.25  8.0219
0.25  13.0269
0.25  8.0219
0.25  13.0269
0.25  13.1269
0.25  13.0382
0.25  13.1269
0.25  13.0382
0.25  12.8572
0.25  12.8572
0.25  9.38865
0.25  9.38865
0.25  8.70182
0.25  8.70182
0.25  8.57407
0.25  9.08872
0.25  9.08872
0.25  8.57407
0.25  8.75834
0.25  9.12998
0.25  8.75834
0.25  9.12998
0.25  8.82119
0.25  8.75498
0.25  8.82119
0.25  8.75498
0.25  10.1057
0.25  10.1057
0.25  9.26676
0.25  9.26676
0.25  9.26944
0.25  9.2674
0.25  9.26944
0.25  9.2674
0.25  10.4281
0.25  10.1822
0.25  10.4281
0.25  10.1822
0.25  10.6807
0.25  10.6807
0.25  10.8596
0.25  10.8596
0.25  10.4184
0.25  10.4184
0.25  11.0645
0.25  11.2138
0.25  11.0645
0.25  11.2138
0.25  12.1236
0.25  12.3989
0.25  12.1236
0.25  12.3989
0.25  10.691
0.25  10.691
0.25  12.2286
0.25  12.2286
0.25  11.9304
0.25  11.9304
0.25  11.0712
0.25  11.0712
0.25  12.0109
0.25  12.0109
0.25  11.631
0.25  11.631
0.25  11.6075
0.25  11.6075
0.25  11.878
0.25  11.878
0.25  11.6759
0.25  11.6759
0.25  11.5917
0.25  11.6148
0.25  11.5917
0.25  11.6148
0.3  28.9373
0.3  28.2203
0.3  28.9373
0.3  28.2203
0.3  26.9896
0.3  28.1639
0.3  26.9896
0.3  28.1639
0.3  26.3056
0.3  26.4315
0.3  26.3056
0.3  26.4315
0.3  25.3245
0.3  26.2139
0.3  26.4296
0.3  26.4296
0.3  26.2139
0.3  25.3245
0.3  25.0437
0.3  24.9964
0.3  25.0437
0.3  24.9964
0.3  24.3248
0.3  24.0725
0.3  24.3248
0.3  24.0725
0.3  24.3676
0.3  24.3676
0.3  24.2659
0.3  24.2659
0.3  23.6529
0.3  23.6529
0.3  23.5517
0.3  23.5517
0.3  23.6783
0.3  23.3661
0.3  23.3661
0.3  23.6783
0.3  23.0739
0.3  23.0739
0.3  22.925
0.3  22.946
0.3  22.925
0.3  22.946
0.3  23.1113
0.3  23.1113
0.3  23.059
0.3  23.059
0.3  22.9697
0.3  22.9697
0.3  22.8062
0.3  22.8062
0.3  22.2826
0.3  22.5429
0.3  22.2826
0.3  22.5429
0.3  22.5374
0.3  22.5374
0.3  21.9718
0.3  21.9738
0.3  21.9718
0.3  21.9738
0.3  21.7482
0.3  21.7482
0.3  0.593211
0.3  21.088
0.3  0.593211
0.3  21.088
0.3  20.8939
0.3  20.9664
0.3  20.8939
0.3  20.9664
0.3  21.1808
0.3  21.1808
0.3  20.6537
0.3  20.6537
0.3  21.0052
0.3  20.3818
0.3  21.0052
0.3  20.3818
0.3  20.6308
0.3  20.6308
0.3  20.5268
0.3  20.5268
0.3  19.692
0.3  20.2682
0.3  19.692
0.3  20.2682
0.3  20.2454
0.3  20.2454
0.3  19.4418
0.3  19.4418
0.3  19.6884
0.3  19.6884
0.3  19.5568
0.3  19.5568
0.3  1.16504
0.3  1.16504
0.3  19.2476
0.3  3.3667
0.3  19.2476
0.3  3.3667
0.3  3.9608
0.3  3.9608
0.3  4.59344
0.3  4.59344
0.3  18.4882
0.3  18.4882
0.3  18.3148
0.3  18.3148
0.3  18.5136
0.3  18.5136
0.3  18.0742
0.3  18.0742
0.3  18.3205
0.3  18.3205
0.3  18.1158
0.3  18.1158
0.3  17.9711
0.3  17.9711
0.3  17.0592
0.3  17.0592
0.3  17.9083
0.3  17.9083
0.3  17.8443
0.3  17.8443
0.3  4.08876
0.3  4.08876
0.3  5.352
0.3  17.097
0.3  5.352
0.3  17.097
0.3  16.1877
0.3  16.1877
0.3  16.6048
0.3  16.6048
0.3  16.456
0.3  16.5912
0.3  16.456
0.3  16.5912
0.3  16.6012
0.3  15.7669
0.3  16.6012
0.3  15.7669
0.3  5.25476
0.3  15.8028
0.3  5.25476
0.3  15.8028
0.3  6.30136
0.3  6.30136
0.3  15.1271
0.3  15.1271
0.3  6.16587
0.3  6.16587
0.3  14.9137
0.3  6.61207
0.3  14.9137
0.3  6.61207
0.3  14.1772
0.3  14.1772
0.3  14.9269
0.3  14.9269
0.3  14.6883
0.3  14.6883
0.3  14.6364
0.3  14.6364
0.3  7.47893
0.3  7.47893
0.3  13.737
0.3  7.75576
0.3  13.737
0.3  7.75576
0.3  8.02434
0.3  8.04629
0.3  8.02434
0.3  8.04629
0.3  13.4515
0.3  13.4515
0.3  8.0288
0.3  8.44783
0.3  8.44783
0.3  8.0288
0.3  8.62755
0.3  8.62755
0.3  8.49881
0.3  8.71725
0.3  8.49881
0.3  8.71725
0.3  9.08586
0.3  9.14531
0.3  9.08586
0.3  9.14531
0.3  8.71343
0.3  8.71343
0.3  9.4518
0.3  9.4518
0.3  13.0825
0.3  13.0825
0.3  10.0048
0.3  10.0048
0.3  13.0124
0.3  13.0124
0.3  9.02134
0.3  9.02134
0.3  13.0884
0.3  9.32129
0.3  13.0884
0.3  9.32129
0.3  9.3332
0.3  9.3332
0.3  13.0014
0.3  13.0014
0.3  9.32227
0.3  9.32227
0.3  12.8432
0.3  12.8432
0.3  10.0681
0.3  10.4518
0.3  10.4518
0.3  10.0681
0.3  10.6115
0.3  10.8214
0.3  10.6115
0.3  10.8214
0.3  10.4381
0.3  11.0078
0.3  10.4381
0.3  11.0078
0.3  10.6673
0.3  10.6673
0.3  11.3103
0.3  11.3103
0.3  11.0144
0.3  12.1699
0.3  11.0144
0.3  12.1699
0.3  12.2929
0.3  12.2929
0.3  12.2883
0.3  12.2883
0.3  12.0354
0.3  12.0354
0.3  11.6123
0.3  11.6123
0.3  12.027
0.3  12.027
0.3  11.6598
0.3  11.8639
0.3  11.6598
0.3  11.8639
0.3  11.6977
0.3  11.6977
0.3  11.6671
0.3  11.6671
0.3  11.6769
0.3  11.6769
0.35  28.9001
0.35  28.193
0.35  28.9001
0.35  28.193
0.35  27.0647
0.35  28.1166
0.35  28.1166
0.35  27.0647
0.35  26.3077
0.35  26.3077
0.35  26.3831
0.35  26.3831
0.35  25.3521
0.35  26.1875
0.35  26.3812
0.35  26.1875
0.35  26.3812
0.35  25.3521
0.35  25.1268
0.35  25.0047
0.35  25.1268
0.35  25.0047
0.35  24.3
0.35  24.3
0.35  24.1225
0.35  24.4337
0.35  24.1225
0.35  24.4337
0.35  24.2403
0.35  24.2403
0.35  23.6074
0.35  23.5154
0.35  23.6074
0.35  23.5154
0.35  23.3547
0.35  23.6328
0.35  23.3547
0.35  23.6328
0.35  23.2191
0.35  23.2191
0.35  22.95
0.35  22.95
0.35  22.953
0.35  23.1966
0.35  23.1966
0.35  22.953
0.35  23.0327
0.35  23.0217
0.35  23.0327
0.35  23.0217
0.35  22.5913
0.35  22.5913
0.35  22.281
0.35  22.281
0.35  22.7633
0.35  22.7633
0.35  22.0002
0.35  22.0002
0.35  22.6029
0.35  22.6029
0.35  21.877
0.35  21.877
0.35  21.7145
0.35  21.7145
0.35  0.692062
0.35  0.692062
0.35  20.9722
0.35  20.9722
0.35  21.0406
0.35  21.0406
0.35  20.9173
0.35  20.9173
0.35  21.0802
0.35  21.0802
0.35  21.0596
0.35  20.6374
0.35  21.0596
0.35  20.6374
0.35  20.3849
0.35  20.3849
0.35  20.625
0.35  20.5811
0.35  20.625
0.35  20.5811
0.35  20.3619
0.35  20.3619
0.35  20.1222
0.35  20.1222
0.35  19.6775
0.35  19.6775
0.35  19.4758
0.35  19.4758
0.35  19.6732
0.35  19.6555
0.35  19.6555
0.35  1.35918
0.35  19.6732
0.35  1.35918
0.35  3.26709
0.35  19.1725
0.35  3.26709
0.35  19.1725
0.35  18.1685
0.35  18.1685
0.35  18.3786
0.35  18.3786
0.35  18.4167
0.35  18.4167
0.35  3.98107
0.35  3.98107
0.35  18.4227
0.35  18.4227
0.35  18.4028
0.35  18.2105
0.35  18.4028
0.35  18.2105
0.35  4.69583
0.35  4.69583
0.35  17.9249
0.35  17.9249
0.35  17.8375
0.35  17.8375
0.35  17.817
0.35  17.817
0.35  4.10321
0.35  4.10321
0.35  16.9855
0.35  5.28099
0.35  16.9855
0.35  5.28099
0.35  17.0231
0.35  16.1768
0.35  17.0231
0.35  16.1768
0.35  16.4355
0.35  16.4355
0.35  16.7075
0.35  16.7075
0.35  16.5346
0.35  15.7823
0.35  15.7823
0.35  16.5346
0.35  5.18885
0.35  16.4307
0.35  5.18885
0.35  16.4307
0.35  15.8183
0.35  15.1934
0.35  15.8183
0.35  15.1934
0.35  6.38457
0.35  14.9903
0.35  6.38457
0.35  14.9903
0.35  6.24773
0.35  15.0034
0.35  6.24773
0.35  15.0034
0.35  14.0862
0.35  14.0862
0.35  14.5976
0.35  14.5976
0.35  6.41643
0.35  14.4993
0.35  6.41643
0.35  14.4993
0.35  7.38266
0.35  7.38266
0.35  13.8697
0.35  13.8697
0.35  13.49
0.35  13.49
0.35  13.04
0.35  13.04
0.35  12.9955
0.35  7.7876
0.35  12.9955
0.35  13.0461
0.35  13.0461
0.35  12.9648
0.35  12.9648
0.35  7.7876
0.35  8.05061
0.35  8.05415
0.35  8.05061
0.35  8.05415
0.35  12.8267
0.35  12.8267
0.35  8.03693
0.35  8.03693
0.35  8.55229
0.35  8.50703
0.35  8.55229
0.35  8.50703
0.35  8.67715
0.35  8.42254
0.35  8.42254
0.35  8.67715
0.35  8.67285
0.35  9.08242
0.35  8.67285
0.35  9.08242
0.35  9.16339
0.35  9.90415
0.35  9.16339
0.35  9.90415
0.35  9.51399
0.35  9.51399
0.35  9.22244
0.35  9.22244
0.35  9.37714
0.35  9.37714
0.35  9.39593
0.35  9.39593
0.35  9.37845
0.35  9.37845
0.35  12.2554
0.35  12.2554
0.35  9.95274
0.35  12.1083
0.35  9.95274
0.35  12.1083
0.35  10.4794
0.35  10.5342
0.35  10.4794
0.35  10.5342
0.35  12.3601
0.35  10.7871
0.35  10.7871
0.35  12.3601
0.35  10.9505
0.35  10.4614
0.35  10.4614
0.35  10.9505
0.35  10.641
0.35  10.641
0.35  11.4106
0.35  11.4106
0.35  10.957
0.35  10.957
0.35  11.5905
0.35  11.5905
0.35  12.1891
0.35  12.1891
0.35  12.0474
0.35  12.0474
0.35  11.8504
0.35  11.7118
0.35  11.7118
0.35  11.8504
0.35  11.7958
0.35  11.6781
0.35  11.6781
0.35  11.7958
0.35  11.7192
0.35  11.7192
0.4  28.8575
0.4  28.8575
0.4  28.1612
0.4  28.1612
0.4  27.1404
0.4  28.0624
0.4  27.1404
0.4  28.0624
0.4  26.3305
0.4  26.3276
0.4  26.3305
0.4  26.3276
0.4  26.1573
0.4  26.3255
0.4  26.1573
0.4  26.3255
0.4  25.3665
0.4  25.3665
0.4  25.2612
0.4  25.2612
0.4  24.96
0.4  24.96
0.4  24.2715
0.4  24.2715
0.4  24.5088
0.4  24.1734
0.4  24.5088
0.4  24.1734
0.4  24.2108
0.4  24.2108
0.4  23.5552
0.4  23.4801
0.4  23.5552
0.4  23.4801
0.4  23.3688
0.4  23.3688
0.4  23.3416
0.4  23.3416
0.4  23.5807
0.4  23.5807
0.4  23.3478
0.4  22.9805
0.4  23.3478
0.4  22.9805
0.4  22.961
0.4  23.0915
0.4  22.961
0.4  23.0915
0.4  22.6406
0.4  22.2791
0.4  22.6406
0.4  22.2791
0.4  22.9265
0.4  22.9265
0.4  22.7143
0.4  22.7143
0.4  22.0269
0.4  22.6731
0.4  22.0269
0.4  22.6731
0.4  21.7736
0.4  21.68
0.4  21.7736
0.4  21.68
0.4  21.1233
0.4  21.1233
0.4  21.1641
0.4  20.8561
0.4  21.1641
0.4  20.8561
0.4  20.9412
0.4  20.9412
0.4  0.790906
0.4  0.790906
0.4  20.9386
0.4  20.9386
0.4  20.6216
0.4  20.3886
0.4  20.6216
0.4  20.3886
0.4  20.6181
0.4  20.6428
0.4  20.6181
0.4  20.6428
0.4  20.4567
0.4  20.4567
0.4  19.989
0.4  19.989
0.4  19.5141
0.4  19.5141
0.4  19.6617
0.4  19.6617
0.4  19.7479
0.4  19.7479
0.4  19.6558
0.4  19.6558
0.4  1.55331
0.4  1.55331
0.4  3.16747
0.4  3.16747
0.4  18.5118
0.4  19.0991
0.4  19.0991
0.4  18.5118
0.4  18.5179
0.4  18.5179
0.4  18.2589
0.4  18.2641
0.4  18.2589
0.4  18.2641
0.4  18.3066
0.4  18.3066
0.4  18.282
0.4  18.282
0.4  17.9439
0.4  17.9439
0.4  4.00425
0.4  4.00425
0.4  17.8296
0.4  17.8296
0.4  17.6612
0.4  4.79862
0.4  17.6612
0.4  4.79862
0.4  16.9136
0.4  4.11984
0.4  16.9136
0.4  4.11984
0.4  5.21105
0.4  5.21105
0.4  16.951
0.4  16.8161
0.4  16.951
0.4  16.8161
0.4  16.6216
0.4  16.6216
0.4  16.1642
0.4  16.1642
0.4  16.2645
0.4  16.2645
0.4  15.8002
0.4  15.8002
0.4  5.1244
0.4  5.1244
0.4  16.2584
0.4  16.2584
0.4  15.8361
0.4  15.2576
0.4  15.8361
0.4  15.2576
0.4  6.4685
0.4  15.0749
0.4  6.4685
0.4  15.0749
0.4  6.2208
0.4  6.2208
0.4  6.33048
0.4  6.33048
0.4  15.0879
0.4  15.0879
0.4  7.28495
0.4  7.28495
0.4  14.5562
0.4  14.5562
0.4  13.9937
0.4  14.3074
0.4  13.9937
0.4  14.3074
0.4  14.0045
0.4  14.0045
0.4  8.08084
0.4  8.08084
0.4  8.06322
0.4  7.82416
0.4  7.82416
0.4  8.06322
0.4  8.47605
0.4  8.04631
0.4  8.47605
0.4  8.04631
0.4  8.56234
0.4  8.56234
0.4  8.34531
0.4  8.34531
0.4  13.5287
0.4  13.5287
0.4  8.63816
0.4  8.63816
0.4  9.07837
0.4  9.18421
0.4  9.18421
0.4  9.07837
0.4  8.63336
0.4  8.63336
0.4  9.57522
0.4  9.80415
0.4  9.57522
0.4  9.80415
0.4  12.9947
0.4  12.9947
0.4  12.9762
0.4  12.9762
0.4  9.43411
0.4  9.43411
0.4  9.42429
0.4  9.45764
0.4  9.45764
0.4  9.42429
0.4  9.43575
0.4  9.8374
0.4  9.43575
0.4  9.8374
0.4  10.4544
0.4  10.4544
0.4  10.5108
0.4  10.7532
0.4  10.5108
0.4  10.7532
0.4  13.0009
0.4  13.0009
0.4  12.9284
0.4  12.9284
0.4  12.8078
0.4  12.8078
0.4  10.8928
0.4  12.3745
0.4  10.8928
0.4  12.3745
0.4  10.4882
0.4  10.6122
0.4  10.6122
0.4  10.4882
0.4  12.154
0.4  12.446
0.4  12.446
0.4  12.154
0.4  10.8992
0.4  10.8992
0.4  11.513
0.4  11.5655
0.4  11.513
0.4  11.5655
0.4  12.0876
0.4  12.0712
0.4  12.0712
0.4  12.0876
0.4  11.7637
0.4  11.7637
0.4  11.8879
0.4  11.8879
0.4  11.8333
0.4  11.6795
0.4  11.6795
0.4  11.8333
0.4  11.771
0.4  11.771
0.45  28.8101
0.45  28.8101
0.45  28.1251
0.45  28.1251
0.45  27.2166
0.45  28.0013
0.45  27.2166
0.45  28.0013
0.45  26.3744
0.45  26.2649
0.45  26.3744
0.45  26.2649
0.45  26.2627
0.45  26.1231
0.45  26.1231
0.45  26.2627
0.45  25.3656
0.45  25.3656
0.45  25.3988
0.45  25.3988
0.45  24.9099
0.45  24.9099
0.45  24.5901
0.45  24.5901
0.45  24.2394
0.45  24.2253
0.45  24.2394
0.45  24.2253
0.45  24.1776
0.45  24.1776
0.45  23.4459
0.45  23.4459
0.45  23.4964
0.45  23.4964
0.45  23.5215
0.45  23.5215
0.45  23.3269
0.45  23.3269
0.45  23.5032
0.45  23.522
0.45  23.5032
0.45  23.522
0.45  23.0171
0.45  22.9701
0.45  23.0171
0.45  22.9701
0.45  23.1541
0.45  23.1541
0.45  22.2769
0.45  22.2769
0.45  22.052
0.45  22.052
0.45  22.6892
0.45  22.6892
0.45  22.8275
0.45  22.8275
0.45  22.747
0.45  22.747
0.45  22.6593
0.45  22.6593
0.45  21.6663
0.45  21.6663
0.45  21.645
0.45  21.2127
0.45  21.645
0.45  21.2127
0.45  20.9658
0.45  21.2562
0.45  20.9658
0.45  21.2562
0.45  20.7399
0.45  20.3927
0.45  20.3927
0.45  20.7399
0.45  20.6063
0.45  20.8183
0.45  20.6063
0.45  20.8183
0.45  20.7115
0.45  20.7115
0.45  20.6101
0.45  20.6101
0.45  20.5526
0.45  20.5526
0.45  0.889744
0.45  0.889744
0.45  19.5547
0.45  19.6468
0.45  19.5547
0.45  19.6468
0.45  19.848
0.45  19.8339
0.45  19.848
0.45  19.8339
0.45  19.6362
0.45  19.6362
0.45  19.0275
0.45  3.06791
0.45  1.74742
0.45  3.06791
0.45  1.74742
0.45  19.0275
0.45  18.6003
0.45  18.6003
0.45  18.3609
0.45  18.6063
0.45  18.3609
0.45  18.6063
0.45  4.03025
0.45  18.1309
0.45  4.03025
0.45  18.1309
0.45  4.90175
0.45  4.90175
0.45  4.13864
0.45  4.13864
0.45  5.14227
0.45  5.14227
0.45  18.404
0.45  18.404
0.45  18.1528
0.45  17.9655
0.45  18.1528
0.45  17.9655
0.45  17.8204
0.45  17.8204
0.45  17.5041
0.45  5.06149
0.45  17.5041
0.45  5.06149
0.45  16.8437
0.45  16.8437
0.45  16.9171
0.45  16.8809
0.45  16.9171
0.45  16.8809
0.45  16.1498
0.45  16.7162
0.45  16.7162
0.45  16.1498
0.45  16.0922
0.45  16.0922
0.45  15.8204
0.45  15.8204
0.45  15.3197
0.45  15.3197
0.45  16.0847
0.45  16.0847
0.45  15.1666
0.45  15.8564
0.45  15.1666
0.45  15.8564
0.45  6.55302
0.45  6.55302
0.45  6.02525
0.45  6.02525
0.45  15.1797
0.45  15.1797
0.45  6.414
0.45  7.18596
0.45  6.414
0.45  7.18596
0.45  14.513
0.45  13.8996
0.45  14.513
0.45  13.8996
0.45  14.1129
0.45  14.1414
0.45  14.1129
0.45  14.1414
0.45  13.5676
0.45  13.5676
0.45  8.11499
0.45  8.07348
0.45  8.11499
0.45  8.07348
0.45  7.86536
0.45  7.86536
0.45  8.39886
0.45  8.39886
0.45  8.05691
0.45  8.61375
0.45  8.05691
0.45  8.61375
0.45  8.26713
0.45  8.60033
0.45  8.26713
0.45  8.60033
0.45  9.07368
0.45  9.07368
0.45  8.59504
0.45  9.20775
0.45  8.59504
0.45  9.20775
0.45  12.9471
0.45  12.9547
0.45  12.9471
0.45  12.9547
0.45  12.5073
0.45  12.5073
0.45  12.8922
0.45  12.8922
0.45  12.7866
0.45  12.9534
0.45  12.7866
0.45  12.9534
0.45  12.1916
0.45  12.5466
0.45  12.1916
0.45  12.5466
0.45  10.3749
0.45  9.49207
0.45  10.3749
0.45  9.49207
0.45  9.70504
0.45  9.6355
0.45  9.70504
0.45  9.6355
0.45  9.494
0.45  9.51833
0.45  9.494
0.45  9.51833
0.45  9.62684
0.45  9.62684
0.45  9.72279
0.45  9.72279
0.45  10.7182
0.45  10.5458
0.45  10.5458
0.45  10.7182
0.45  10.8345
0.45  11.5375
0.45  10.8345
0.45  11.5375
0.45  10.5184
0.45  10.5809
0.45  10.5184
0.45  10.5809
0.45  10.8408
0.45  10.8408
0.45  11.6167
0.45  11.6167
0.45  11.8153
0.45  12.098
0.45  12.098
0.45  11.8153
0.45  11.9884
0.45  11.9647
0.45  11.9884
0.45  11.9647
0.45  11.6811
0.45  11.6811
0.45  11.8206
0.45  11.8226
0.45  11.8226
0.45  11.8206
0.5  28.7579
0.5  28.7579
0.5  28.0845
0.5  28.0845
0.5  27.2931
0.5  27.9334
0.5  27.2931
0.5  27.9334
0.5  26.4372
0.5  26.4372
0.5  26.1952
0.5  26.1952
0.5  26.0851
0.5  26.193
0.5  26.0851
0.5  26.193
0.5  25.35
0.5  25.35
0.5  25.5388
0.5  25.5388
0.5  24.8546
0.5  24.8546
0.5  24.6752
0.5  24.2782
0.5  24.6752
0.5  24.2782
0.5  24.2038
0.5  24.2038
0.5  24.1407
0.5  23.676
0.5  24.1407
0.5  23.676
0.5  23.6601
0.5  23.6601
0.5  23.4127
0.5  23.4127
0.5  23.4314
0.5  23.4314
0.5  23.3107
0.5  23.3107
0.5  23.457
0.5  23.06
0.5  23.457
0.5  23.06
0.5  22.9804
0.5  22.9804
0.5  23.2217
0.5  23.2217
0.5  22.7356
0.5  22.7356
0.5  22.2744
0.5  22.2744
0.5  22.0754
0.5  22.8236
0.5  22.0754
0.5  22.8236
0.5  22.7259
0.5  22.5985
0.5  22.7259
0.5  22.5985
0.5  21.6099
0.5  21.561
0.5  21.561
0.5  21.6099
0.5  21.3034
0.5  21.3034
0.5  20.9909
0.5  21.3553
0.5  20.9909
0.5  21.3553
0.5  20.3973
0.5  0.988575
0.5  0.988575
0.5  20.3973
0.5  20.5914
0.5  20.624
0.5  20.5914
0.5  20.624
0.5  20.7866
0.5  20.7866
0.5  20.6987
0.5  20.6987
0.5  20.6009
0.5  20.6496
0.5  20.6496
0.5  20.6009
0.5  19.9137
0.5  19.6461
0.5  19.9137
0.5  19.6461
0.5  19.5841
0.5  19.5841
0.5  2.9684
0.5  2.9684
0.5  1.94152
0.5  19.701
0.5  1.94152
0.5  19.701
0.5  19.6145
0.5  19.6145
0.5  4.05899
0.5  4.05899
0.5  18.6828
0.5  18.9577
0.5  18.6828
0.5  18.9577
0.5  18.459
0.5  18.459
0.5  18.6884
0.5  18.6884
0.5  18.5027
0.5  18.5027
0.5  17.9961
0.5  17.9961
0.5  18.017
0.5  18.017
0.5  17.9895
0.5  17.8098
0.5  17.9895
0.5  17.8098
0.5  17.346
0.5  4.15959
0.5  17.346
0.5  4.15959
0.5  5.07471
0.5  16.7757
0.5  5.07471
0.5  16.7757
0.5  5.00517
0.5  17.0105
0.5  5.00517
0.5  17.0105
0.5  16.8179
0.5  16.8128
0.5  16.8128
0.5  16.8179
0.5  16.1335
0.5  16.1335
0.5  5.00018
0.5  5.00018
0.5  15.8429
0.5  15.8429
0.5  15.3797
0.5  15.3797
0.5  15.919
0.5  15.919
0.5  15.265
0.5  15.265
0.5  15.8789
0.5  15.91
0.5  15.8789
0.5  15.91
0.5  5.82982
0.5  5.82982
0.5  6.63804
0.5  6.63804
0.5  15.278
0.5  15.278
0.5  7.08585
0.5  7.08585
0.5  6.4982
0.5  6.4982
0.5  14.4686
0.5  14.4686
0.5  14.2803
0.5  13.804
0.5  14.2803
0.5  13.804
0.5  13.9163
0.5  13.9163
0.5  13.6068
0.5  13.6068
0.5  7.91111
0.5  7.91111
0.5  8.08493
0.5  8.08493
0.5  8.32075
0.5  8.32075
0.5  8.15301
0.5  8.15301
0.5  8.66132
0.5  8.66132
0.5  8.06874
0.5  8.5637
0.5  8.06874
0.5  8.5637
0.5  8.18804
0.5  8.18804
0.5  8.5579
0.5  9.06829
0.5  8.5579
0.5  9.06829
0.5  9.23399
0.5  9.23399
0.5  12.931
0.5  12.931
0.5  9.69485
0.5  9.69485
0.5  10.2966
0.5  10.2966
0.5  9.5509
0.5  9.5509
0.5  9.82996
0.5  9.60706
0.5  9.82996
0.5  9.60706
0.5  9.55313
0.5  9.55313
0.5  9.57802
0.5  9.57802
0.5  9.60938
0.5  9.60938
0.5  12.8978
0.5  12.8978
0.5  12.6466
0.5  12.9043
0.5  12.9043
0.5  12.6466
0.5  12.8564
0.5  12.8564
0.5  12.7632
0.5  12.2277
0.5  12.7632
0.5  12.2277
0.5  10.6816
0.5  10.584
0.5  10.584
0.5  10.6816
0.5  12.661
0.5  12.661
0.5  10.7757
0.5  10.7757
0.5  10.5522
0.5  10.5473
0.5  10.5522
0.5  10.5473
0.5  10.7819
0.5  10.7819
0.5  11.5066
0.5  11.5066
0.5  11.7214
0.5  12.1275
0.5  12.1275
0.5  11.7214
0.5  12.0312
0.5  12.0312
0.5  11.8667
0.5  11.8667
0.5  11.683
0.5  11.683
0.5  11.8079
0.5  11.8079
0.5  11.8917
0.5  11.8917
0.5  11.8741
0.5  11.8741
0.55  28.7014
0.55  28.7014
0.55  28.0393
0.55  27.3699
0.55  28.0393
0.55  27.3699
0.55  27.8588
0.55  26.5153
0.55  27.8588
0.55  26.5153
0.55  26.1187
0.55  26.1187
0.55  26.0434
0.55  26.0434
0.55  26.1163
0.55  26.1163
0.55  25.322
0.55  25.322
0.55  25.6805
0.55  25.6805
0.55  24.7943
0.55  24.7625
0.55  24.7943
0.55  24.7625
0.55  24.3319
0.55  24.3319
0.55  24.1647
0.55  24.1647
0.55  24.1002
0.55  23.8312
0.55  24.1002
0.55  23.8312
0.55  23.8175
0.55  23.8175
0.55  23.1092
0.55  22.9916
0.55  23.1092
0.55  22.9916
0.55  23.36
0.55  23.36
0.55  23.3809
0.55  23.3809
0.55  22.7792
0.55  22.7792
0.55  23.2929
0.55  23.2929
0.55  23.3859
0.55  23.3859
0.55  23.2942
0.55  23.2942
0.55  22.2715
0.55  22.2715
0.55  22.9019
0.55  22.0971
0.55  22.9019
0.55  22.0971
0.55  22.6225
0.55  22.5321
0.55  22.6225
0.55  22.5321
0.55  21.5749
0.55  21.5749
0.55  21.4948
0.55  21.3586
0.55  21.4948
0.55  21.3586
0.55  21.4604
0.55  21.0167
0.55  21.4604
0.55  21.0167
0.55  20.4024
0.55  20.4024
0.55  20.8676
0.55  20.5086
0.55  20.8676
0.55  20.5086
0.55  20.7475
0.55  20.5771
0.55  20.5771
0.55  20.7475
0.55  20.5905
0.55  20.58
0.55  20.5905
0.55  20.58
0.55  19.6838
0.55  19.9872
0.55  19.6838
0.55  19.9872
0.55  19.5782
0.55  1.0874
0.55  19.5782
0.55  1.0874
0.55  19.5906
0.55  19.5497
0.55  19.5906
0.55  19.5497
0.55  2.86897
0.55  2.86897
0.55  2.13561
0.55  18.7597
0.55  18.7597
0.55  18.5582
0.55  18.5582
0.55  2.13561
0.55  18.8897
0.55  18.8897
0.55  18.7645
0.55  18.6026
0.55  18.7645
0.55  18.6026
0.55  17.8561
0.55  17.8561
0.55  18.0159
0.55  18.0159
0.55  17.876
0.55  17.7977
0.55  17.876
0.55  17.7977
0.55  4.09037
0.55  4.09037
0.55  5.10888
0.55  5.10888
0.55  5.00842
0.55  4.18268
0.55  5.00842
0.55  4.18268
0.55  16.7097
0.55  17.1873
0.55  16.7097
0.55  17.1873
0.55  17.0966
0.55  17.0966
0.55  16.9259
0.55  16.9259
0.55  16.7467
0.55  4.94051
0.55  16.7467
0.55  4.94051
0.55  16.1154
0.55  5.63454
0.55  16.1154
0.55  5.63454
0.55  15.8678
0.55  15.8678
0.55  15.7453
0.55  15.4375
0.55  15.4375
0.55  15.7453
0.55  15.3692
0.55  15.3692
0.55  15.9038
0.55  15.9038
0.55  15.7348
0.55  15.7348
0.55  6.72347
0.55  6.72347
0.55  15.3823
0.55  6.98478
0.55  15.3823
0.55  6.98478
0.55  6.58297
0.55  6.58297
0.55  14.4211
0.55  14.4234
0.55  14.4234
0.55  14.4211
0.55  13.7178
0.55  13.707
0.55  13.707
0.55  13.6462
0.55  13.7178
0.55  13.6462
0.55  8.19478
0.55  8.24183
0.55  8.19478
0.55  8.24183
0.55  8.70515
0.55  7.96131
0.55  8.70515
0.55  7.96131
0.55  8.09758
0.55  8.52829
0.55  8.09758
0.55  8.52829
0.55  8.0818
0.55  8.0818
0.55  8.10809
0.55  8.10809
0.55  9.06216
0.55  9.06216
0.55  8.52198
0.55  8.52198
0.55  9.2629
0.55  9.2629
0.55  9.75329
0.55  9.51045
0.55  9.75329
0.55  9.51045
0.55  9.61049
0.55  10.2203
0.55  9.61049
0.55  10.2203
0.55  9.49756
0.55  9.49756
0.55  9.61301
0.55  9.63671
0.55  9.61301
0.55  9.63671
0.55  10.0336
0.55  10.0336
0.55  10.6253
0.55  10.6253
0.55  10.6435
0.55  10.7165
0.55  10.6435
0.55  10.7165
0.55  10.5117
0.55  10.5893
0.55  10.5117
0.55  10.5893
0.55  10.7226
0.55  11.4728
0.55  10.7226
0.55  11.4728
0.55  12.9053
0.55  12.9053
0.55  12.8475
0.55  12.8475
0.55  12.2639
0.55  12.2639
0.55  12.7903
0.55  12.7903
0.55  12.8541
0.55  12.7376
0.55  12.7376
0.55  12.8541
0.55  12.787
0.55  12.8208
0.55  12.787
0.55  12.8208
0.55  11.9181
0.55  11.8267
0.55  11.9181
0.55  11.8267
0.55  12.1597
0.55  12.1597
0.55  12.0885
0.55  12.0885
0.55  11.6851
0.55  11.9255
0.55  11.6851
0.55  11.9255
0.55  11.7976
0.55  11.7959
0.55  11.7976
0.55  11.7959
0.6  28.6409
0.6  28.6409
0.6  27.9894
0.6  27.4468
0.6  27.9894
0.6  27.4468
0.6  27.7778
0.6  26.6047
0.6  27.7778
0.6  26.6047
0.6  26.0355
0.6  26.0355
0.6  25.2844
0.6  25.998
0.6  25.2844
0.6  25.998
0.6  26.033
0.6  26.033
0.6  25.8232
0.6  25.8232
0.6  24.8506
0.6  24.8506
0.6  24.3865
0.6  24.7293
0.6  24.3865
0.6  24.7293
0.6  24.1224
0.6  24.1224
0.6  23.9864
0.6  23.9864
0.6  24.0562
0.6  23.9745
0.6  24.0562
0.6  23.9745
0.6  23.3499
0.6  23.3499
0.6  23.1641
0.6  23.2738
0.6  23.1641
0.6  23.2738
0.6  23.004
0.6  23.2829
0.6  23.004
0.6  23.2829
0.6  22.8196
0.6  23.3712
0.6  22.8196
0.6  23.3712
0.6  23.3088
0.6  23.3088
0.6  22.9811
0.6  22.9811
0.6  22.2683
0.6  22.2683
0.6  22.117
0.6  22.117
0.6  22.5178
0.6  22.4605
0.6  22.5178
0.6  22.4605
0.6  21.54
0.6  21.54
0.6  21.5578
0.6  21.5578
0.6  21.2881
0.6  21.2881
0.6  21.5704
0.6  21.043
0.6  21.043
0.6  21.5704
0.6  20.9538
0.6  20.9538
0.6  20.8465
0.6  20.5632
0.6  20.8465
0.6  20.5632
0.6  20.3937
0.6  20.3937
0.6  20.408
0.6  20.408
0.6  20.5787
0.6  20.5787
0.6  19.7405
0.6  20.4622
0.6  19.7405
0.6  20.4622
0.6  20.0548
0.6  19.5563
0.6  20.0548
0.6  19.5563
0.6  1.18622
0.6  19.5646
0.6  1.18622
0.6  19.5646
0.6  19.3959
0.6  2.76961
0.6  19.3959
0.6  2.76961
0.6  18.6587
0.6  18.6587
0.6  18.8314
0.6  18.8314
0.6  18.7037
0.6  18.8345
0.6  18.7037
0.6  18.8345
0.6  18.8236
0.6  18.8236
0.6  2.32969
0.6  2.32969
0.6  18.0447
0.6  17.7121
0.6  18.0447
0.6  17.7121
0.6  17.7841
0.6  17.7841
0.6  17.7312
0.6  4.1243
0.6  17.7312
0.6  4.1243
0.6  4.94345
0.6  4.94345
0.6  4.20788
0.6  5.21283
0.6  4.20788
0.6  5.21283
0.6  16.6458
0.6  17.1756
0.6  16.6458
0.6  17.1756
0.6  17.028
0.6  17.0399
0.6  17.028
0.6  17.0399
0.6  4.88253
0.6  16.6826
0.6  4.88253
0.6  16.6826
0.6  16.0954
0.6  5.4394
0.6  16.0954
0.6  5.4394
0.6  6.80922
0.6  6.88287
0.6  15.8949
0.6  15.8949
0.6  6.88287
0.6  6.80922
0.6  15.931
0.6  15.931
0.6  15.5719
0.6  15.5719
0.6  15.4789
0.6  15.4789
0.6  15.4928
0.6  15.4928
0.6  15.5592
0.6  15.5592
0.6  15.4921
0.6  15.4921
0.6  6.66821
0.6  6.66821
0.6  14.5637
0.6  14.3778
0.6  14.5637
0.6  14.3778
0.6  13.6087
0.6  13.6087
0.6  8.24065
0.6  8.16173
0.6  8.24065
0.6  8.16173
0.6  8.49412
0.6  8.49412
0.6  8.74538
0.6  8.74538
0.6  8.11141
0.6  8.11141
0.6  8.01508
0.6  8.02809
0.6  8.01508
0.6  8.02809
0.6  8.09606
0.6  8.09606
0.6  13.686
0.6  8.48727
0.6  13.686
0.6  8.48727
0.6  9.05523
0.6  13.5177
0.6  9.05523
0.6  13.5177
0.6  9.29447
0.6  9.41542
0.6  9.29447
0.6  9.41542
0.6  9.38758
0.6  9.38758
0.6  9.81081
0.6  10.1461
0.6  9.81081
0.6  10.1461
0.6  12.9373
0.6  12.8778
0.6  12.9373
0.6  12.8778
0.6  12.9223
0.6  12.9223
0.6  12.3008
0.6  12.3008
0.6  12.7963
0.6  12.7963
0.6  12.7099
0.6  12.7099
0.6  12.7855
0.6  12.7855
0.6  9.67075
0.6  12.803
0.6  9.67075
0.6  12.803
0.6  11.4364
0.6  11.4364
0.6  11.9326
0.6  11.9693
0.6  11.9326
0.6  11.9693
0.6  12.1945
0.6  12.1945
0.6  9.67354
0.6  9.67354
0.6  9.69441
0.6  12.1381
0.6  9.69441
0.6  12.1381
0.6  11.9767
0.6  11.7846
0.6  11.9767
0.6  11.7846
0.6  11.6875
0.6  11.706
0.6  11.6875
0.6  11.706
0.6  10.2378
0.6  10.2378
0.6  10.6037
0.6  10.6037
0.6  10.6692
0.6  10.6692
0.6  10.4742
0.6  10.6568
0.6  10.4742
0.6  10.6568
0.6  10.6299
0.6  10.6299
0.6  10.6627
0.6  10.6627
0.65  28.5768
0.65  28.5768
0.65  27.9347
0.65  27.524
0.65  27.9347
0.65  27.524
0.65  26.7017
0.65  27.6906
0.65  26.7017
0.65  27.6906
0.65  25.9458
0.65  25.9458
0.65  25.2397
0.65  25.9661
0.65  25.2397
0.65  25.9661
0.65  25.9489
0.65  25.9431
0.65  25.9489
0.65  25.9431
0.65  24.9387
0.65  24.9387
0.65  24.442
0.65  24.442
0.65  24.6598
0.65  24.6598
0.65  24.1407
0.65  24.0769
0.65  24.1407
0.65  24.0769
0.65  24.1303
0.65  24.0088
0.65  24.1303
0.65  24.0088
0.65  23.3201
0.65  23.3201
0.65  23.4523
0.65  23.2533
0.65  23.4523
0.65  23.2533
0.65  23.0174
0.65  23.2
0.65  23.0174
0.65  23.2
0.65  22.8573
0.65  22.8573
0.65  23.2235
0.65  23.2235
0.65  23.2261
0.65  23.0607
0.65  23.2261
0.65  23.0607
0.65  22.2646
0.65  22.1353
0.65  22.2646
0.65  22.1353
0.65  22.384
0.65  22.4125
0.65  22.384
0.65  22.4125
0.65  21.6638
0.65  21.6638
0.65  21.5054
0.65  21.5054
0.65  21.6841
0.65  21.6841
0.65  1.28504
0.65  21.1782
0.65  1.28504
0.65  21.1782
0.65  21.0699
0.65  21.0699
0.65  21.0445
0.65  20.9464
0.65  21.0445
0.65  20.9464
0.65  20.5499
0.65  20.5499
0.65  20.4141
0.65  20.4141
0.65  20.2794
0.65  20.2794
0.65  20.5655
0.65  20.5655
0.65  19.8053
0.65  19.8053
0.65  20.3453
0.65  20.3453
0.65  20.1167
0.65  20.1167
0.65  19.5295
0.65  19.5295
0.65  2.67032
0.65  19.5365
0.65  2.67032
0.65  19.5365
0.65  19.2421
0.65  19.2421
0.65  18.8986
0.65  18.8986
0.65  18.7602
0.65  18.7602
0.65  18.8976
0.65  18.8976
0.65  18.806
0.65  18.806
0.65  18.7594
0.65  18.7594
0.65  2.52377
0.65  2.52377
0.65  18.0759
0.65  4.16068
0.65  18.0759
0.65  4.16068
0.65  17.5654
0.65  17.5654
0.65  4.23518
0.65  4.87983
0.65  4.23518
0.65  4.87983
0.65  5.31701
0.65  5.31701
0.65  17.7688
0.65  17.7688
0.65  4.82628
0.65  4.82628
0.65  17.5837
0.65  17.5837
0.65  5.2444
0.65  5.2444
0.65  17.2478
0.65  17.2478
0.65  17.1595
0.65  17.1595
0.65  16.5842
0.65  16.8685
0.65  16.5842
0.65  16.8685
0.65  16.6208
0.65  16.6208
0.65  16.0734
0.65  16.0734
0.65  15.9243
0.65  15.9243
0.65  6.78025
0.65  6.89521
0.65  6.78025
0.65  6.89521
0.65  15.9604
0.65  15.5474
0.65  15.9604
0.65  15.5474
0.65  15.5936
0.65  15.397
0.65  15.5936
0.65  15.397
0.65  15.6069
0.65  15.6069
0.65  15.3837
0.65  15.3837
0.65  6.75384
0.65  14.708
0.65  6.75384
0.65  14.708
0.65  14.332
0.65  14.332
0.65  13.5092
0.65  13.5092
0.65  7.94549
0.65  8.28997
0.65  7.94549
0.65  8.28997
0.65  8.08107
0.65  8.08107
0.65  8.12643
0.65  8.78217
0.65  8.12643
0.65  8.78217
0.65  8.46117
0.65  8.46117
0.65  8.07494
0.65  8.11154
0.65  8.07494
0.65  8.11154
0.65  9.04743
0.65  9.04743
0.65  8.45379
0.65  8.45379
0.65  13.7261
0.65  13.7261
0.65  9.32215
0.65  9.32868
0.65  9.32868
0.65  9.32215
0.65  13.3161
0.65  13.3161
0.65  13.0872
0.65  13.0872
0.65  9.27968
0.65  9.86744
0.65  9.27968
0.65  9.86744
0.65  10.0743
0.65  10.0743
0.65  9.73157
0.65  12.8485
0.65  9.73157
0.65  12.8485
0.65  9.75112
0.65  9.75112
0.65  9.73463
0.65  9.73463
0.65  13.0647
0.65  13.0647
0.65  10.7153
0.65  10.7153
0.65  10.5624
0.65  10.5624
0.65  11.3974
0.65  10.5966
0.65  11.3974
0.65  10.5966
0.65  10.4349
0.65  10.4424
0.65  10.4349
0.65  10.4424
0.65  10.6738
0.65  10.6024
0.65  10.6738
0.65  10.6024
0.65  12.3384
0.65  12.3384
0.65  12.7446
0.65  12.7446
0.65  12.0388
0.65  12.0205
0.65  12.0205
0.65  12.0388
0.65  11.617
0.65  11.617
0.65  11.6902
0.65  11.6902
0.65  11.7741
0.65  11.7741
0.65  12.2316
0.65  12.1821
0.65  12.1821
0.65  12.2316
0.65  12.0279
0.65  12.6804
0.65  12.0279
0.65  12.6804
0.65  12.7514
0.65  12.7514
0.65  12.7504
0.65  12.7504
0.7  28.5096
0.7  28.5096
0.7  27.8751
0.7  27.6012
0.7  27.8751
0.7  27.6012
0.7  26.8034
0.7  27.5972
0.7  26.8034
0.7  27.5972
0.7  26.1087
0.7  26.1087
0.7  25.8498
0.7  25.8498
0.7  25.8963
0.7  25.8963
0.7  25.19
0.7  25.19
0.7  25.8468
0.7  25.8468
0.7  25.0261
0.7  25.0261
0.7  24.4982
0.7  24.4982
0.7  24.5861
0.7  24.5861
0.7  24.2937
0.7  24.2937
0.7  24.0283
0.7  24.0283
0.7  24.2846
0.7  24.2846
0.7  23.9581
0.7  23.9581
0.7  23.5367
0.7  23.5367
0.7  23.2913
0.7  23.2913
0.7  23.2863
0.7  23.2863
0.7  23.2315
0.7  23.2315
0.7  23.032
0.7  23.032
0.7  22.8927
0.7  23.1117
0.7  22.8927
0.7  23.1117
0.7  23.1379
0.7  23.1401
0.7  23.1401
0.7  23.1379
0.7  22.2605
0.7  22.1519
0.7  22.2605
0.7  22.1519
0.7  22.307
0.7  22.307
0.7  22.3028
0.7  21.778
0.7  22.3028
0.7  21.778
0.7  21.471
0.7  21.471
0.7  21.8003
0.7  21.8003
0.7  21.0974
0.7  21.0633
0.7  21.0974
0.7  21.0633
0.7  21.1389
0.7  21.1389
0.7  21.0471
0.7  21.0471
0.7  20.537
0.7  20.537
0.7  20.4206
0.7  20.4206
0.7  20.5506
0.7  20.5506
0.7  19.876
0.7  19.876
0.7  20.1658
0.7  20.1658
0.7  20.2296
0.7  20.2296
0.7  19.4996
0.7  20.173
0.7  19.4996
0.7  20.173
0.7  19.5064
0.7  19.5064
0.7  18.8628
0.7  18.9617
0.7  18.8628
0.7  18.9617
0.7  19.0994
0.7  19.0994
0.7  18.9445
0.7  18.9445
0.7  18.9094
0.7  18.6972
0.7  18.6972
0.7  18.9094
0.7  18.1093
0.7  1.38386
0.7  18.1093
0.7  1.38386
0.7  17.7516
0.7  2.5711
0.7  17.7516
0.7  2.5711
0.7  17.4169
0.7  17.4169
0.7  17.4345
0.7  17.4345
0.7  17.3137
0.7  17.2842
0.7  17.3137
0.7  17.2842
0.7  16.5249
0.7  2.71785
0.7  2.71785
0.7  4.19943
0.7  4.19943
0.7  4.81761
0.7  5.4214
0.7  4.81761
0.7  5.4214
0.7  4.26456
0.7  4.26456
0.7  4.7718
0.7  4.7718
0.7  5.04954
0.7  5.04954
0.7  16.5249
0.7  16.709
0.7  16.709
0.7  16.5613
0.7  16.5613
0.7  16.0494
0.7  16.0494
0.7  15.956
0.7  15.956
0.7  15.5987
0.7  15.5987
0.7  15.7126
0.7  15.7126
0.7  15.2238
0.7  15.2238
0.7  15.9921
0.7  15.9921
0.7  15.7262
0.7  15.7262
0.7  15.2084
0.7  6.67703
0.7  15.2084
0.7  6.67703
0.7  14.8541
0.7  14.8541
0.7  6.98135
0.7  6.98135
0.7  14.2862
0.7  6.83976
0.7  14.2862
0.7  6.83976
0.7  13.7665
0.7  13.4085
0.7  13.7665
0.7  13.4085
0.7  7.99959
0.7  7.86317
0.7  7.99959
0.7  7.86317
0.7  8.34299
0.7  8.14263
0.7  8.34299
0.7  8.14263
0.7  8.42945
0.7  8.12821
0.7  8.42945
0.7  8.12821
0.7  8.13792
0.7  8.13792
0.7  8.81572
0.7  8.81572
0.7  8.42153
0.7  8.42153
0.7  9.03868
0.7  9.03868
0.7  9.23084
0.7  13.2399
0.7  13.2399
0.7  9.23084
0.7  9.3655
0.7  9.3655
0.7  13.2129
0.7  13.2129
0.7  12.8175
0.7  12.8175
0.7  13.1134
0.7  13.1134
0.7  9.17405
0.7  9.17405
0.7  12.3765
0.7  12.6926
0.7  12.3765
0.7  12.6926
0.7  12.7154
0.7  12.6995
0.7  12.7154
0.7  12.6995
0.7  12.6493
0.7  12.6493
0.7  12.1452
0.7  12.1452
0.7  11.3561
0.7  12.0717
0.7  11.3561
0.7  12.0717
0.7  12.2701
0.7  12.2223
0.7  12.2701
0.7  12.2223
0.7  9.92318
0.7  9.92318
0.7  10.7634
0.7  10.7634
0.7  10.0049
0.7  10.0049
0.7  11.5307
0.7  11.5307
0.7  9.79287
0.7  11.6932
0.7  9.79287
0.7  11.6932
0.7  11.7643
0.7  11.7643
0.7  9.80684
0.7  9.79618
0.7  9.80684
0.7  9.79618
0.7  10.5197
0.7  10.5197
0.7  10.536
0.7  10.536
0.7  10.721
0.7  10.394
0.7  10.721
0.7  10.394
0.7  10.6474
0.7  10.6474
0.7  10.5417
0.7  10.5417
0.7  12.0791
0.7  12.0791
0.75  28.4396
0.75  28.4396
0.75  27.8104
0.75  27.6785
0.75  27.8104
0.75  27.6785
0.75  26.9075
0.75  27.498
0.75  26.9075
0.75  27.498
0.75  26.2503
0.75  26.2503
0.75  25.7475
0.75  25.7475
0.75  25.8402
0.75  25.8402
0.75  25.7444
0.75  25.1368
0.75  25.7444
0.75  25.1368
0.75  25.1121
0.75  24.5551
0.75  25.1121
0.75  24.5551
0.75  24.4446
0.75  24.4446
0.75  24.5086
0.75  24.5086
0.75  23.9768
0.75  23.9768
0.75  24.4366
0.75  24.4366
0.75  23.9041
0.75  23.9041
0.75  23.3514
0.75  23.6239
0.75  23.6239
0.75  23.3514
0.75  23.2637
0.75  23.2085
0.75  23.2637
0.75  23.2085
0.75  22.9264
0.75  22.9264
0.75  23.0184
0.75  23.0476
0.75  23.0184
0.75  23.0476
0.75  23.2189
0.75  23.0447
0.75  23.2189
0.75  23.0447
0.75  22.2558
0.75  22.2558
0.75  22.167
0.75  22.167
0.75  21.8957
0.75  21.8957
0.75  22.2023
0.75  22.2174
0.75  22.2023
0.75  22.2174
0.75  21.4371
0.75  21.9174
0.75  21.4371
0.75  21.9174
0.75  21.1255
0.75  20.948
0.75  21.1255
0.75  20.948
0.75  21.2363
0.75  21.1487
0.75  21.2363
0.75  21.1487
0.75  20.5246
0.75  20.4276
0.75  20.5246
0.75  20.4276
0.75  20.534
0.75  20.534
0.75  19.952
0.75  20.0528
0.75  19.952
0.75  20.0528
0.75  1.48268
0.75  20.225
0.75  1.48268
0.75  20.225
0.75  20.1139
0.75  20.1139
0.75  2.47195
0.75  19.4674
0.75  2.47195
0.75  19.4674
0.75  18.9665
0.75  19.4742
0.75  19.4742
0.75  18.9665
0.75  19.021
0.75  19.021
0.75  19.0539
0.75  18.89
0.75  19.0539
0.75  18.89
0.75  19.0139
0.75  18.6371
0.75  19.0139
0.75  18.6371
0.75  18.1449
0.75  18.1449
0.75  2.91193
0.75  17.7324
0.75  2.91193
0.75  17.7324
0.75  17.2676
0.75  17.4137
0.75  17.2676
0.75  17.4137
0.75  17.3736
0.75  17.3736
0.75  17.2845
0.75  17.2845
0.75  4.24043
0.75  4.24043
0.75  4.75683
0.75  4.75683
0.75  4.296
0.75  5.52597
0.75  4.296
0.75  5.52597
0.75  4.7191
0.75  4.85481
0.75  4.7191
0.75  4.85481
0.75  16.4684
0.75  16.4684
0.75  16.5045
0.75  16.5498
0.75  16.5498
0.75  16.5045
0.75  15.9898
0.75  15.648
0.75  15.9898
0.75  15.648
0.75  16.0234
0.75  16.0234
0.75  15.8355
0.75  15.8355
0.75  16.0259
0.75  16.0259
0.75  15.8493
0.75  15.8493
0.75  15.0509
0.75  15.0509
0.75  6.57333
0.75  6.57333
0.75  15.0337
0.75  15.0018
0.75  15.0337
0.75  15.0018
0.75  7.06758
0.75  7.06758
0.75  14.2407
0.75  6.92589
0.75  14.2407
0.75  6.92589
0.75  13.8074
0.75  13.8074
0.75  13.395
0.75  13.395
0.75  13.3068
0.75  13.3068
0.75  7.91737
0.75  7.91737
0.75  7.78013
0.75  7.78013
0.75  8.16001
0.75  8.16001
0.75  8.84623
0.75  8.14609
0.75  8.84623
0.75  8.14609
0.75  8.39896
0.75  8.3996
0.75  8.39896
0.75  8.3996
0.75  8.20498
0.75  8.20498
0.75  8.39049
0.75  8.39049
0.75  9.14167
0.75  9.0289
0.75  9.14167
0.75  9.0289
0.75  9.40492
0.75  9.40492
0.75  9.07086
0.75  9.07086
0.75  13.3656
0.75  13.3656
0.75  9.93797
0.75  9.93797
0.75  9.97803
0.75  9.85456
0.75  9.97803
0.75  9.85456
0.75  11.3126
0.75  11.3126
0.75  9.85811
0.75  9.86158
0.75  9.86158
0.75  9.85811
0.75  10.813
0.75  10.813
0.75  10.3516
0.75  10.3516
0.75  10.4751
0.75  10.4751
0.75  10.4757
0.75  10.4757
0.75  10.7715
0.75  10.7715
0.75  10.8528
0.75  10.4806
0.75  10.8528
0.75  10.4806
0.75  11.4471
0.75  11.4471
0.75  12.7851
0.75  11.6966
0.75  12.7851
0.75  11.6966
0.75  11.7552
0.75  12.9098
0.75  11.7552
0.75  12.9098
0.75  12.1229
0.75  12.4152
0.75  12.1229
0.75  12.4152
0.75  12.2516
0.75  12.2516
0.75  12.6404
0.75  12.6404
0.75  12.6804
0.75  12.6804
0.75  12.6168
0.75  12.6168
0.75  12.6474
0.75  12.6474
0.75  12.3092
0.75  12.3092
0.75  12.2604
0.75  12.1303
0.75  12.2604
0.75  12.1303
0.8  28.3675
0.8  28.3675
0.8  27.7405
0.8  27.7559
0.8  27.7405
0.8  27.7559
0.8  27.0121
0.8  27.0121
0.8  27.3932
0.8  27.3932
0.8  26.3902
0.8  26.3902
0.8  25.0811
0.8  25.6394
0.8  25.636
0.8  25.6394
0.8  25.7807
0.8  25.7807
0.8  25.0811
0.8  25.636
0.8  25.1964
0.8  25.1964
0.8  24.6127
0.8  23.9226
0.8  24.6127
0.8  24.5931
0.8  24.5931
0.8  24.4277
0.8  24.5859
0.8  24.5859
0.8  24.4277
0.8  23.9226
0.8  23.847
0.8  23.847
0.8  23.7133
0.8  23.4178
0.8  23.7133
0.8  23.4178
0.8  23.1844
0.8  23.2372
0.8  23.2372
0.8  23.1844
0.8  23.0643
0.8  23.2965
0.8  23.0643
0.8  23.2965
0.8  22.9586
0.8  22.9202
0.8  22.9586
0.8  22.9202
0.8  22.9466
0.8  22.9466
0.8  22.2506
0.8  22.2506
0.8  22.1807
0.8  22.1807
0.8  22.0149
0.8  22.0149
0.8  22.1081
0.8  22.1282
0.8  22.1081
0.8  22.1282
0.8  22.0247
0.8  22.0247
0.8  21.4036
0.8  21.4036
0.8  21.1542
0.8  20.8339
0.8  21.1542
0.8  20.8339
0.8  21.3359
0.8  21.251
0.8  21.3359
0.8  21.251
0.8  20.5127
0.8  20.4352
0.8  20.5127
0.8  20.4352
0.8  20.5155
0.8  20.5155
0.8  19.9405
0.8  19.9405
0.8  20.0331
0.8  20.0331
0.8  20.2716
0.8  20.2716
0.8  19.9998
0.8  19.4329
0.8  19.9998
0.8  19.4329
0.8  19.44
0.8  19.44
0.8  19.0711
0.8  19.0771
0.8  19.0711
0.8  19.0771
0.8  19.1195
0.8  19.0954
0.8  19.1195
0.8  19.0954
0.8  18.7459
0.8  18.7459
0.8  18.5791
0.8  18.5791
0.8  1.58151
0.8  1.58151
0.8  18.1824
0.8  2.37286
0.8  18.1824
0.8  2.37286
0.8  17.1182
0.8  17.711
0.8  17.711
0.8  17.1182
0.8  17.5476
0.8  17.428
0.8  17.5476
0.8  17.428
0.8  17.1345
0.8  3.10602
0.8  17.1345
0.8  3.10602
0.8  16.4154
0.8  4.28361
0.8  4.28361
0.8  5.63069
0.8  5.63069
0.8  4.32948
0.8  4.69755
0.8  4.69755
0.8  4.32948
0.8  4.6602
0.8  4.6602
0.8  4.66821
0.8  4.66821
0.8  16.4154
0.8  16.4512
0.8  16.4512
0.8  16.3909
0.8  16.3909
0.8  15.6951
0.8  15.6951
0.8  16.0258
0.8  16.0258
0.8  15.9953
0.8  15.9953
0.8  15.961
0.8  15.961
0.8  16.0619
0.8  16.0619
0.8  15.9753
0.8  15.9753
0.8  14.8789
0.8  14.8789
0.8  15.1511
0.8  15.1511
0.8  6.46922
0.8  6.46922
0.8  14.8597
0.8  14.8597
0.8  7.1538
0.8  7.1538
0.8  14.1954
0.8  14.1954
0.8  7.01213
0.8  7.01213
0.8  13.8486
0.8  13.5524
0.8  13.8486
0.8  13.5524
0.8  13.2041
0.8  13.522
0.8  13.2041
0.8  13.522
0.8  7.83446
0.8  7.83446
0.8  7.69644
0.8  7.69644
0.8  8.17857
0.8  8.17857
0.8  8.45971
0.8  8.16516
0.8  8.16516
0.8  8.45971
0.8  8.87391
0.8  8.87391
0.8  8.36968
0.8  8.36968
0.8  8.27597
0.8  9.0548
0.8  8.27597
0.8  9.0548
0.8  9.018
0.8  9.018
0.8  8.36066
0.8  8.36066
0.8  9.44691
0.8  8.97026
0.8  9.44691
0.8  8.97026
0.8  11.2671
0.8  9.87346
0.8  11.2671
0.8  9.87346
0.8  10.032
0.8  10.032
0.8  10.8637
0.8  10.8637
0.8  10.4305
0.8  10.4305
0.8  10.4137
0.8  10.4137
0.8  9.91654
0.8  9.91654
0.8  9.91534
0.8  9.92033
0.8  9.92033
0.8  9.91534
0.8  10.3078
0.8  10.3078
0.8  10.4191
0.8  10.4191
0.8  10.8252
0.8  10.8252
0.8  11.0585
0.8  11.0585
0.8  11.3663
0.8  12.7514
0.8  11.3663
0.8  12.7514
0.8  11.7003
0.8  11.7003
0.8  11.7468
0.8  11.7468
0.8  12.1742
0.8  12.1742
0.8  12.4546
0.8  12.4546
0.8  12.3577
0.8  12.1816
0.8  12.1816
0.8  12.3577
0.8  12.7053
0.8  12.5882
0.8  12.7053
0.8  12.5882
0.8  12.2975
0.8  12.2975
0.8  12.6452
0.8  12.6452
0.8  12.5953
0.8  12.5953
0.8  12.3483
0.8  12.3483
0.8  12.5832
0.8  12.5832
0.85  28.2935
0.85  28.2935
0.85  27.8334
0.85  27.6655
0.85  27.8334
0.85  27.6655
0.85  27.1156
0.85  27.283
0.85  27.1156
0.85  27.283
0.85  26.5281
0.85  26.5281
0.85  25.5255
0.85  25.7179
0.85  25.5255
0.85  25.7179
0.85  25.0239
0.85  25.5219
0.85  25.0239
0.85  25.5219
0.85  25.2787
0.85  25.2787
0.85  24.6708
0.85  24.6708
0.85  24.7385
0.85  24.7385
0.85  24.3438
0.85  23.8658
0.85  24.732
0.85  24.732
0.85  24.3438
0.85  23.8658
0.85  23.4847
0.85  23.4847
0.85  23.787
0.85  23.804
0.85  23.787
0.85  23.804
0.85  23.2117
0.85  23.2117
0.85  23.1592
0.85  23.1592
0.85  23.0821
0.85  23.0821
0.85  23.3728
0.85  22.9898
0.85  23.3728
0.85  22.9898
0.85  22.8175
0.85  22.8175
0.85  22.8442
0.85  22.2448
0.85  22.8442
0.85  22.2448
0.85  22.193
0.85  22.193
0.85  22.1345
0.85  22.1345
0.85  22.1668
0.85  22.1668
0.85  22.0355
0.85  22.0355
0.85  21.9795
0.85  21.9795
0.85  21.3706
0.85  21.3706
0.85  21.1834
0.85  21.1834
0.85  21.437
0.85  21.437
0.85  21.354
0.85  20.7218
0.85  21.354
0.85  20.7218
0.85  20.5013
0.85  20.4432
0.85  20.5013
0.85  20.4432
0.85  20.1189
0.85  20.4949
0.85  20.1189
0.85  20.4949
0.85  1.68034
0.85  1.68034
0.85  20.314
0.85  20.314
0.85  19.829
0.85  19.829
0.85  2.27382
0.85  2.27382
0.85  19.8865
0.85  19.8865
0.85  19.3963
0.85  19.3963
0.85  19.1767
0.85  19.1767
0.85  19.1301
0.85  19.1301
0.85  19.4039
0.85  19.4039
0.85  19.2262
0.85  19.2262
0.85  19.1444
0.85  19.1444
0.85  18.5935
0.85  18.5935
0.85  18.5233
0.85  18.5233
0.85  18.221
0.85  18.221
0.85  17.6871
0.85  17.6856
0.85  17.6856
0.85  17.6871
0.85  17.4773
0.85  17.4773
0.85  16.9696
0.85  16.9696
0.85  3.30013
0.85  3.30013
0.85  4.32888
0.85  4.32888
0.85  4.63981
0.85  4.63981
0.85  5.73553
0.85  5.73553
0.85  4.36497
0.85  4.36497
0.85  4.46569
0.85  4.61918
0.85  4.61918
0.85  4.46569
0.85  6.3648
0.85  16.9855
0.85  6.3648
0.85  16.9855
0.85  16.3691
0.85  16.3691
0.85  15.7401
0.85  15.7401
0.85  16.4037
0.85  15.9652
0.85  16.4037
0.85  15.9652
0.85  16.0637
0.85  16.0857
0.85  16.0637
0.85  16.0857
0.85  16.2325
0.85  16.2325
0.85  15.3019
0.85  15.3019
0.85  16.1014
0.85  16.1014
0.85  16.0998
0.85  16.0998
0.85  14.7079
0.85  14.7079
0.85  14.6868
0.85  7.23994
0.85  14.6868
0.85  7.23994
0.85  14.1506
0.85  7.09841
0.85  7.09841
0.85  14.1506
0.85  7.75092
0.85  7.75092
0.85  13.712
0.85  13.712
0.85  13.8903
0.85  13.8903
0.85  7.61218
0.85  7.61218
0.85  8.19831
0.85  8.19831
0.85  8.52323
0.85  8.52323
0.85  8.34161
0.85  8.34161
0.85  8.89899
0.85  8.97039
0.85  8.89899
0.85  8.97039
0.85  9.00584
0.85  9.00584
0.85  8.18543
0.85  8.18543
0.85  8.33204
0.85  8.33204
0.85  8.35078
0.85  8.35078
0.85  13.6816
0.85  13.6816
0.85  9.49144
0.85  13.1006
0.85  9.49144
0.85  13.1006
0.85  8.87242
0.85  8.87242
0.85  9.81143
0.85  9.81143
0.85  10.0851
0.85  10.3842
0.85  10.3842
0.85  10.0851
0.85  9.97874
0.85  10.3521
0.85  9.97874
0.85  10.3521
0.85  9.98275
0.85  9.96809
0.85  9.98275
0.85  9.96809
0.85  10.2627
0.85  10.2627
0.85  10.3573
0.85  10.9152
0.85  10.3573
0.85  10.9152
0.85  11.2199
0.85  11.2199
0.85  10.8822
0.85  10.8822
0.85  11.2644
0.85  11.2644
0.85  11.2883
0.85  11.2883
0.85  12.7165
0.85  12.7165
0.85  11.7044
0.85  11.7044
0.85  11.7391
0.85  11.7391
0.85  12.2255
0.85  12.2255
0.85  12.461
0.85  12.2329
0.85  12.2329
0.85  12.461
0.85  12.4969
0.85  12.536
0.85  12.4969
0.85  12.536
0.85  12.334
0.85  12.6097
0.85  12.6097
0.85  12.334
0.85  12.3871
0.85  12.3871
0.85  12.5488
0.85  12.5488
0.85  12.5432
0.85  12.5002
0.85  12.5002
0.85  12.5432
0.9  27.2171
0.9  27.5852
0.9  28.2183
0.9  27.9108
0.9  28.2183
0.9  27.9108
0.9  27.5852
0.9  27.2171
0.9  27.1678
0.9  26.6632
0.9  27.1678
0.9  26.6632
0.9  25.652
0.9  25.4063
0.9  25.652
0.9  25.4063
0.9  25.3587
0.9  24.9656
0.9  25.3587
0.9  24.9656
0.9  25.4023
0.9  25.4023
0.9  24.8804
0.9  24.7294
0.9  24.8804
0.9  24.7294
0.9  24.8746
0.9  24.8746
0.9  24.2573
0.9  23.8066
0.9  24.2573
0.9  23.8066
0.9  23.8956
0.9  23.8956
0.9  23.5514
0.9  23.5514
0.9  23.7241
0.9  23.7241
0.9  23.4473
0.9  23.1874
0.9  23.4473
0.9  23.1874
0.9  23.1331
0.9  23.1331
0.9  23.1009
0.9  23.1009
0.9  23.02
0.9  23.02
0.9  22.7109
0.9  22.7109
0.9  22.7378
0.9  22.7378
0.9  22.2536
0.9  22.2384
0.9  22.2536
0.9  22.2384
0.9  22.2041
0.9  22.2041
0.9  22.2826
0.9  22.2826
0.9  21.9398
0.9  21.9398
0.9  21.3381
0.9  21.8766
0.9  21.3381
0.9  21.8766
0.9  21.2132
0.9  21.2132
0.9  21.5388
0.9  21.4577
0.9  21.5388
0.9  21.4577
0.9  20.6124
0.9  20.6124
0.9  20.4904
0.9  20.4904
0.9  20.4516
0.9  20.4516
0.9  20.2094
0.9  20.2094
0.9  20.472
0.9  20.3523
0.9  20.472
0.9  20.3523
0.9  19.7183
0.9  19.7183
0.9  19.7741
0.9  1.77919
0.9  19.7741
0.9  1.77919
0.9  19.3575
0.9  19.2833
0.9  19.3575
0.9  19.2833
0.9  19.1804
0.9  19.1804
0.9  19.3657
0.9  19.3338
0.9  19.3657
0.9  19.3338
0.9  19.1926
0.9  19.1926
0.9  2.17482
0.9  2.17482
0.9  18.47
0.9  18.4456
0.9  18.47
0.9  18.4456
0.9  18.2569
0.9  18.2569
0.9  17.827
0.9  17.827
0.9  17.6606
0.9  17.5218
0.9  17.6606
0.9  17.5218
0.9  16.8226
0.9  3.49427
0.9  16.8226
0.9  3.49427
0.9  4.37614
0.9  4.58365
0.9  4.37614
0.9  4.58365
0.9  4.27127
0.9  4.27127
0.9  4.40247
0.9  4.57201
0.9  4.40247
0.9  4.57201
0.9  5.84046
0.9  5.84046
0.9  16.8381
0.9  16.8381
0.9  16.3467
0.9  16.3467
0.9  15.783
0.9  15.783
0.9  15.933
0.9  15.933
0.9  16.1923
0.9  16.3759
0.9  16.1923
0.9  16.3759
0.9  16.1033
0.9  16.1033
0.9  16.2136
0.9  16.2136
0.9  16.0749
0.9  16.1395
0.9  16.1395
0.9  16.0749
0.9  15.4541
0.9  6.26015
0.9  15.4541
0.9  6.26015
0.9  14.538
0.9  14.538
0.9  14.5151
0.9  14.5151
0.9  13.8737
0.9  13.8737
0.9  14.1062
0.9  14.1062
0.9  13.9324
0.9  13.9324
0.9  7.32592
0.9  13.8439
0.9  7.32592
0.9  13.8439
0.9  7.18464
0.9  7.6668
0.9  7.18464
0.9  7.6668
0.9  7.52741
0.9  7.52741
0.9  8.21923
0.9  8.21923
0.9  8.31475
0.9  8.20689
0.9  8.20689
0.9  8.31475
0.9  8.59008
0.9  8.59008
0.9  8.30462
0.9  8.30462
0.9  8.88858
0.9  8.92167
0.9  8.92167
0.9  8.88858
0.9  8.99233
0.9  8.99233
0.9  8.42926
0.9  8.42926
0.9  12.9963
0.9  12.9963
0.9  8.77746
0.9  8.77746
0.9  9.53852
0.9  9.53852
0.9  9.75187
0.9  9.75187
0.9  10.967
0.9  11.1712
0.9  10.967
0.9  11.1712
0.9  10.1373
0.9  10.1373
0.9  10.3368
0.9  10.0411
0.9  10.3368
0.9  10.0411
0.9  10.2902
0.9  10.0198
0.9  10.0198
0.9  10.2902
0.9  10.0453
0.9  10.0453
0.9  10.2164
0.9  10.2164
0.9  10.2952
0.9  10.2952
0.9  10.9423
0.9  10.9423
0.9  11.2131
0.9  11.2131
0.9  11.4704
0.9  11.4704
0.9  11.7089
0.9  11.7089
0.9  11.7319
0.9  11.7319
0.9  12.6805
0.9  12.6805
0.9  12.2769
0.9  12.2769
0.9  12.5763
0.9  12.5763
0.9  12.5269
0.9  12.5269
0.9  12.484
0.9  12.484
0.9  12.2843
0.9  12.2843
0.9  12.2947
0.9  12.3703
0.9  12.2947
0.9  12.3703
0.9  12.4254
0.9  12.4254
0.9  12.5738
0.9  12.5738
0.9  12.4911
0.9  12.5138
0.9  12.5138
0.9  12.4911
0.95  27.4999
0.95  27.3154
0.95  28.1421
0.95  27.9882
0.95  28.1421
0.95  27.9882
0.95  27.4999
0.95  27.3154
0.95  27.0479
0.95  26.7951
0.95  27.0479
0.95  26.7951
0.95  25.583
0.95  25.583
0.95  25.2818
0.95  25.4362
0.95  25.2818
0.95  25.4362
0.95  24.9067
0.95  24.9067
0.95  24.7884
0.95  25.0185
0.95  24.7884
0.95  25.0185
0.95  25.2775
0.95  25.2775
0.95  25.0133
0.95  25.0133
0.95  24.1687
0.95  24.1687
0.95  23.7453
0.95  23.7453
0.95  23.9873
0.95  23.9873
0.95  23.6173
0.95  23.6173
0.95  23.6585
0.95  23.5199
0.95  23.6585
0.95  23.5199
0.95  23.1641
0.95  23.1641
0.95  23.106
0.95  23.106
0.95  23.0495
0.95  23.1209
0.95  23.1209
0.95  23.0495
0.95  22.6007
0.95  22.3714
0.95  22.6007
0.95  22.3714
0.95  22.2311
0.95  22.2311
0.95  22.2141
0.95  22.2141
0.95  22.6278
0.95  22.6278
0.95  22.3995
0.95  22.3995
0.95  21.3061
0.95  21.2436
0.95  21.2436
0.95  21.3061
0.95  21.8418
0.95  21.7717
0.95  21.8418
0.95  21.7717
0.95  21.6406
0.95  21.562
0.95  21.6406
0.95  21.562
0.95  1.87806
0.95  2.07587
0.95  1.87806
0.95  2.07587
0.95  20.5061
0.95  20.48
0.95  20.5061
0.95  20.48
0.95  20.3043
0.95  20.4606
0.95  20.3043
0.95  20.4606
0.95  20.387
0.95  20.4465
0.95  20.387
0.95  20.4465
0.95  19.6083
0.95  19.6083
0.95  19.6626
0.95  19.3908
0.95  19.6626
0.95  19.3908
0.95  19.2281
0.95  19.3166
0.95  19.2281
0.95  19.3166
0.95  19.4425
0.95  19.4425
0.95  19.239
0.95  19.3255
0.95  19.239
0.95  19.3255
0.95  18.4196
0.95  18.3502
0.95  18.4196
0.95  18.3502
0.95  18.2439
0.95  18.2439
0.95  17.9713
0.95  17.9713
0.95  17.6311
0.95  17.562
0.95  17.6311
0.95  17.562
0.95  3.68844
0.95  4.42532
0.95  3.68844
0.95  4.42532
0.95  4.07693
0.95  4.52915
0.95  4.07693
0.95  4.52915
0.95  5.94543
0.95  4.44194
0.95  5.94543
0.95  4.44194
0.95  6.15533
0.95  4.52673
0.95  4.52673
0.95  6.15533
0.95  16.6783
0.95  16.6783
0.95  16.6935
0.95  16.4126
0.95  16.6935
0.95  16.4126
0.95  16.1441
0.95  16.1441
0.95  15.8237
0.95  16.216
0.95  15.8237
0.95  16.216
0.95  16.4301
0.95  16.4301
0.95  15.8987
0.95  15.8987
0.95  16.2492
0.95  16.1802
0.95  16.2492
0.95  16.1802
0.95  15.6076
0.95  15.9181
0.95  15.6076
0.95  15.9181
0.95  14.3695
0.95  14.3695
0.95  7.41167
0.95  7.58218
0.95  7.58218
0.95  7.41167
0.95  7.27073
0.95  14.3449
0.95  7.27073
0.95  14.3449
0.95  14.0372
0.95  7.44219
0.95  14.0372
0.95  7.44219
0.95  14.0636
0.95  14.0636
0.95  14.0072
0.95  13.9749
0.95  14.0072
0.95  13.9749
0.95  8.24133
0.95  8.28909
0.95  8.24133
0.95  8.28909
0.95  8.80952
0.95  8.66015
0.95  8.66015
0.95  8.80952
0.95  8.94215
0.95  8.94215
0.95  8.97731
0.95  8.97731
0.95  8.22953
0.95  8.22953
0.95  8.27839
0.95  8.5113
0.95  8.27839
0.95  8.5113
0.95  8.68553
0.95  9.58811
0.95  8.68553
0.95  9.58811
0.95  9.6948
0.95  12.8914
0.95  9.6948
0.95  12.8914
0.95  11.0189
0.95  11.1213
0.95  11.1213
0.95  11.0189
0.95  10.2883
0.95  10.2883
0.95  10.1886
0.95  10.1034
0.95  10.1886
0.95  10.1034
0.95  10.2281
0.95  10.2281
0.95  10.0706
0.95  10.1079
0.95  10.0706
0.95  10.1079
0.95  10.1689
0.95  10.2329
0.95  10.2329
0.95  10.1689
0.95  11.0054
0.95  11.1409
0.95  11.0054
0.95  11.1409
0.95  12.6806
0.95  12.6806
0.95  12.6436
0.95  12.6436
0.95  11.6766
0.95  11.6766
0.95  11.7139
0.95  11.7139
0.95  12.5673
0.95  11.7254
0.95  12.5673
0.95  11.7254
0.95  12.3285
0.95  12.0888
0.95  12.3285
0.95  12.0888
0.95  12.432
0.95  12.432
0.95  12.5374
0.95  12.3358
0.95  12.5374
0.95  12.3358
0.95  12.4065
0.95  12.4065
0.95  12.4633
0.95  12.4633
0.95  12.4392
0.95  12.4783
0.95  12.4783
0.95  12.4392
1  28.0653
1  28.0653
1  27.4099
1  28.0653
1  26.9235
1  28.0653
1  26.9235
1  27.4099
1  27.4099
1  27.4099
1  26.9235
1  26.9235
1  25.511
1  25.511
1  25.511
1  25.511
1  24.8475
1  25.1524
1  24.8475
1  25.1524
1  25.1524
1  24.8475
1  24.8475
1  25.1524
1  25.1477
1  25.1477
1  25.1477
1  25.1477
1  24.0785
1  24.0785
1  24.0785
1  24.0785
1  23.6821
1  23.6821
1  23.6821
1  23.6821
1  23.5904
1  23.5904
1  23.5904
1  23.5904
1  23.142
1  23.0782
1  23.142
1  23.0782
1  23.142
1  23.0782
1  23.142
1  23.0782
1  22.4873
1  22.4873
1  22.4873
1  22.4873
1  22.5149
1  22.5149
1  22.2231
1  22.2231
1  22.2231
1  22.2231
1  22.5149
1  21.2746
1  22.5149
1  21.2746
1  21.2746
1  21.2746
1  21.7418
1  21.7418
1  21.6667
1  21.7418
1  21.6667
1  21.7418
1  21.6667
1  1.97695
1  21.6667
1  1.97695
1  1.97695
1  20.4701
1  1.97695
1  20.4701
1  20.4701
1  20.4701
1  20.4033
1  20.4033
1  20.4033
1  20.4033
1  20.4183
1  20.4183
1  20.4183
1  20.4183
1  19.4991
1  19.4991
1  19.4991
1  19.4991
1  19.2735
1  19.2735
1  19.2735
1  19.2735
1  19.5521
1  19.2833
1  19.5521
1  19.5521
1  19.2833
1  19.2833
1  19.5521
1  19.2833
1  18.374
1  3.88265
1  18.374
1  3.88265
1  18.374
1  3.88265
1  18.374
1  18.116
1  18.116
1  18.116
1  18.116
1  3.88265
1  4.47635
1  4.47635
1  4.47635
1  4.47635
1  6.0504
1  6.0504
1  6.0504
1  6.0504
1  4.48337
1  17.5984
1  4.48337
1  17.5984
1  4.48337
1  4.48337
1  17.5984
1  17.5984
1  16.5389
1  16.5389
1  16.5389
1  15.8623
1  16.5389
1  15.8623
1  16.5541
1  16.5541
1  16.5541
1  16.5541
1  15.8623
1  15.8623
1  16.1843
1  16.1843
1  16.1843
1  16.1843
1  16.22
1  16.22
1  16.22
1  16.22
1  15.7623
1  15.7623
1  15.7623
1  15.7623
1  7.49711
1  7.49711
1  7.49711
1  7.49711
1  7.35661
1  7.35661
1  14.2025
1  7.35661
1  14.2025
1  14.2025
1  7.35661
1  14.2025
1  14.1765
1  14.1765
1  14.1765
1  14.1765
1  14.0176
1  14.0176
1  14.0176
1  14.0176
1  8.73334
1  8.73334
1  8.73334
1  8.73334
1  8.26461
1  8.96064
1  8.26461
1  8.96064
1  8.26461
1  8.96064
1  8.26461
1  8.96064
1  8.25337
1  8.25337
1  8.25337
1  8.25337
1  8.59677
1  8.59677
1  9.64021
1  8.59677
1  9.64021
1  8.59677
1  10.2389
1  9.64021
1  9.64021
1  10.2389
1  12.7861
1  12.7861
1  12.7861
1  12.7861
1  10.2389
1  10.2389
1  10.1658
1  10.1658
1  10.1658
1  10.1658
1  10.1203
1  10.1203
1  10.1203
1  10.1203
1  12.6059
1  12.6059
1  12.6059
1  12.6059
1  10.1704
1  10.1704
1  10.1704
1  10.1704
1  12.3802
1  12.3802
1  12.3802
1  11.0704
1  11.0704
1  11.0704
1  11.0704
1  11.0717
1  11.0717
1  11.0717
1  11.0717
1  11.7194
1  11.7194
1  11.7194
1  11.7194
1  11.8828
1  11.8828
1  11.8828
1  11.8828
1  12.3802
1  12.5006
1  12.5006
1  12.5006
1  12.5006
1  12.4425
1  12.4425
1  12.4425
1  12.3874
1  12.3874
1  12.3874
1  12.3874
1  12.4425
