0  64.026
0  65.3407
0  54.1187
0  52.423
0  51.8223
0  50.0459
0  48.3324
0  46.0948
0  45.2109
0  44.8947
0  43.5822
0  43.2078
0  42.3714
0  41.2707
0  39.3785
0  39.2146
0  38.8725
0  38.2789
0  37.0226
0  36.6526
0  36.05
0  35.913
0  35.7641
0  35.1875
0  34.3879
0  34.0305
0  33.8961
0  33.3323
0  32.9549
0  32.7695
0  32.5541
0  32.3613
0  32.1431
0  31.8566
0  31.7082
0  30.8046
0  30.6401
0  29.8379
0  29.7157
0  29.6508
0  29.5116
0  29.272
0  29.2236
0  28.9521
0  28.6577
0  28.6252
0  28.3455
0  28.2842
0  28.1991
0  27.9875
0  27.8521
0  27.7321
0  27.5901
0  27.4675
0  27.369
0  27.3602
0  27.1702
0  27.0437
0  26.8864
0  26.7156
0  26.5954
0  26.4323
0  26.2333
0  25.7871
0  25.8148
0  25.6526
0  25.5413
0  25.4284
0  25.1482
0  24.7678
0  24.6543
0  24.5832
0  24.3579
0  24.1624
0  24.0778
0  23.9389
0  23.833
0  23.7742
0  23.7291
0  23.6384
0  23.5047
0  23.4601
0  23.125
0  23.0685
0  22.7848
0  22.5562
0  22.4781
0  22.4328
0  22.3439
0  22.251
0  22.1549
0  21.8972
0  21.6674
0  21.6028
0  21.4948
0  21.3351
0  21.2579
0  21.0764
0  20.9831
0  20.758
0  20.6496
0  20.451
0  20.3229
0  20.2278
0  20.1943
0  20.0798
0  19.7575
0  19.6497
0  19.4863
0  19.3406
0  19.2212
0  19.0453
0  18.7879
0  18.7192
0  18.6128
0  18.5662
0  18.3757
0  18.3645
0  18.1238
0  18.0126
0  17.9956
0  17.8065
0  17.6716
0  17.6256
0  17.6018
0  17.4323
0  17.264
0  17.1693
0  17.0142
0  16.9533
0  16.8335
0  16.6782
0  16.5844
0  16.4315
0  16.2586
0  16.11
0  16.0241
0  15.9564
0  15.8601
0  15.7639
0  15.7171
0  15.6575
0  15.4746
0  15.3633
0  15.3422
0  15.2775
0  15.2173
0  15.09
0  15.0313
0  14.9705
0  14.895
0  14.825
0  14.692
0  14.5769
0  14.5171
0  14.3904
0  14.3595
0  0.977874
0  1.36322
0  1.44058
0  1.71745
0  2.12184
0  2.30779
0  2.38141
0  2.76944
0  2.99887
0  3.18351
0  3.31121
0  3.53529
0  3.75411
0  3.9603
0  3.98399
0  4.21727
0  4.49551
0  4.52556
0  4.64857
0  14.199
0  4.79721
0  5.04237
0  14.0935
0  5.2111
0  5.36534
0  5.54178
0  5.58569
0  5.70766
0  5.8048
0  5.85405
0  5.98158
0  6.0021
0  14.0373
0  6.43096
0  6.52286
0  6.62704
0  13.8793
0  6.8338
0  6.95381
0  13.7186
0  7.14558
0  13.6564
0  7.33839
0  7.44566
0  7.45153
0  7.56327
0  13.5955
0  7.68979
0  7.9313
0  8.01466
0  8.20285
0  8.15752
0  13.3929
0  8.4277
0  13.3647
0  13.3321
0  8.62828
0  8.69776
0  8.73461
0  8.86003
0  8.92686
0  9.00451
0  9.16245
0  9.4347
0  9.47113
0  9.7582
0  9.90252
0  13.144
0  10.0879
0  10.2406
0  10.395
0  10.4424
0  10.4901
0  13.0702
0  10.6353
0  12.5906
0  12.5514
0  12.3199
0  12.3428
0  12.4579
0  12.1419
0  12.0191
0  11.947
0  12.7951
0  11.854
0  11.7967
0  12.9597
0  11.5541
0  10.8437
0  11.4777
0  12.8969
0  10.9204
0  11.3258
0  11.2861
0  11.1787
0  11.091
0  12.9126
0  11.1349
0  11.1309
0.05  64.026
0.05  65.3409
0.05  54.1201
0.05  52.4234
0.05  51.8203
0.05  50.0473
0.05  48.3325
0.05  46.0953
0.05  45.22
0.05  44.8945
0.05  43.5823
0.05  43.2143
0.05  42.3748
0.05  41.2715
0.05  39.3805
0.05  39.2105
0.05  38.871
0.05  38.277
0.05  37.0361
0.05  36.6516
0.05  36.0624
0.05  35.8946
0.05  35.6703
0.05  35.1879
0.05  34.3457
0.05  34.0195
0.05  33.8978
0.05  33.3611
0.05  32.9652
0.05  32.6694
0.05  32.5543
0.05  32.3115
0.05  32.1286
0.05  31.8696
0.05  31.6411
0.05  30.7929
0.05  30.6538
0.05  29.8289
0.05  29.7142
0.05  29.6496
0.05  29.4907
0.05  29.2239
0.05  29.2218
0.05  28.9744
0.05  28.6696
0.05  28.6167
0.05  28.3182
0.05  28.293
0.05  28.2134
0.05  27.9714
0.05  27.8509
0.05  27.673
0.05  27.5985
0.05  27.4998
0.05  27.3547
0.05  27.373
0.05  27.1634
0.05  27.045
0.05  26.8802
0.05  26.7007
0.05  26.5566
0.05  26.4093
0.05  26.2159
0.05  25.8177
0.05  25.7903
0.05  25.6662
0.05  25.538
0.05  25.4263
0.05  25.1291
0.05  24.7466
0.05  24.6548
0.05  24.5893
0.05  24.3287
0.05  24.1492
0.05  24.0956
0.05  23.9372
0.05  23.8642
0.05  23.7584
0.05  23.7298
0.05  23.6381
0.05  23.5489
0.05  23.4655
0.05  23.1205
0.05  23.0681
0.05  22.8059
0.05  22.5536
0.05  22.4803
0.05  22.441
0.05  22.3477
0.05  22.2507
0.05  22.1537
0.05  21.9759
0.05  21.6894
0.05  21.6165
0.05  21.4929
0.05  21.3291
0.05  21.2548
0.05  21.0772
0.05  20.9793
0.05  20.7762
0.05  20.6069
0.05  20.4458
0.05  20.3669
0.05  20.2386
0.05  20.1744
0.05  20.0688
0.05  19.7888
0.05  19.5865
0.05  19.5246
0.05  19.3372
0.05  19.2151
0.05  19.0913
0.05  18.7912
0.05  18.7096
0.05  18.6174
0.05  18.5655
0.05  18.3869
0.05  18.3322
0.05  18.1014
0.05  18.0203
0.05  17.9961
0.05  17.818
0.05  17.6709
0.05  17.6098
0.05  17.5954
0.05  17.4309
0.05  17.264
0.05  17.1905
0.05  17.0824
0.05  16.9459
0.05  16.8242
0.05  16.6858
0.05  16.5972
0.05  16.4121
0.05  16.2661
0.05  16.1534
0.05  16.0089
0.05  15.9187
0.05  15.8695
0.05  15.7688
0.05  15.7175
0.05  15.6587
0.05  15.4888
0.05  15.3828
0.05  15.3298
0.05  15.2593
0.05  15.2081
0.05  15.0859
0.05  15.0244
0.05  14.9683
0.05  14.9062
0.05  14.8419
0.05  14.7075
0.05  14.554
0.05  14.5806
0.05  14.4378
0.05  14.3908
0.05  14.2152
0.05  14.0985
0.05  14.026
0.05  0.983277
0.05  1.39582
0.05  1.47625
0.05  1.75209
0.05  13.8754
0.05  2.11563
0.05  2.30839
0.05  13.779
0.05  2.39082
0.05  2.87137
0.05  2.99698
0.05  3.23373
0.05  3.33848
0.05  3.52521
0.05  3.76249
0.05  3.97552
0.05  3.98848
0.05  4.21943
0.05  4.50041
0.05  4.53844
0.05  4.67443
0.05  4.80885
0.05  5.09006
0.05  5.22914
0.05  5.37336
0.05  5.53866
0.05  5.58907
0.05  5.75044
0.05  5.80703
0.05  5.88561
0.05  5.98372
0.05  6.033
0.05  13.6524
0.05  6.46964
0.05  6.54756
0.05  13.5974
0.05  6.6556
0.05  6.8749
0.05  6.95311
0.05  7.18931
0.05  7.34123
0.05  7.41907
0.05  13.4011
0.05  7.46268
0.05  13.358
0.05  7.6004
0.05  13.3277
0.05  7.68911
0.05  7.93245
0.05  8.01896
0.05  8.18696
0.05  8.25063
0.05  8.4333
0.05  8.62804
0.05  8.70872
0.05  8.76483
0.05  8.89453
0.05  8.94261
0.05  13.172
0.05  9.11039
0.05  9.17457
0.05  13.0822
0.05  9.44045
0.05  9.51697
0.05  12.9663
0.05  9.75363
0.05  12.815
0.05  12.5828
0.05  12.5495
0.05  12.4714
0.05  12.353
0.05  12.3245
0.05  9.95293
0.05  12.1703
0.05  10.1006
0.05  10.2078
0.05  12.0326
0.05  11.95
0.05  10.3983
0.05  10.4529
0.05  11.8593
0.05  10.5054
0.05  11.7971
0.05  10.6769
0.05  11.5656
0.05  10.8498
0.05  11.4859
0.05  11.3757
0.05  10.9384
0.05  11.2929
0.05  11.0633
0.05  11.1931
0.05  12.8894
0.05  11.1333
0.05  11.142
0.05  12.9114
0.1  64.026
0.1  65.3413
0.1  54.1242
0.1  52.4249
0.1  51.8171
0.1  50.0517
0.1  48.3329
0.1  46.0973
0.1  45.2468
0.1  44.8939
0.1  43.5824
0.1  43.2322
0.1  42.3846
0.1  41.2736
0.1  39.3844
0.1  39.2299
0.1  38.8709
0.1  38.2803
0.1  37.0839
0.1  36.6518
0.1  36.0716
0.1  35.8869
0.1  35.5533
0.1  35.1884
0.1  34.3094
0.1  34.0417
0.1  33.9027
0.1  33.4948
0.1  32.977
0.1  32.5798
0.1  32.5531
0.1  32.2523
0.1  32.1092
0.1  31.9482
0.1  31.4903
0.1  30.8114
0.1  30.6545
0.1  29.8447
0.1  29.7163
0.1  29.6467
0.1  29.4858
0.1  29.22
0.1  29.1821
0.1  29.0585
0.1  28.6951
0.1  28.6219
0.1  28.3119
0.1  28.285
0.1  28.2297
0.1  27.9783
0.1  27.8489
0.1  27.6077
0.1  27.6174
0.1  27.5141
0.1  27.3802
0.1  27.3391
0.1  27.1571
0.1  27.0457
0.1  26.8783
0.1  26.6987
0.1  26.5255
0.1  26.4006
0.1  26.1814
0.1  25.8226
0.1  25.7917
0.1  25.7013
0.1  25.5414
0.1  25.4263
0.1  25.1088
0.1  24.7243
0.1  24.6551
0.1  24.5953
0.1  24.3343
0.1  24.172
0.1  24.1051
0.1  24.0408
0.1  23.8179
0.1  23.7586
0.1  23.6725
0.1  23.6286
0.1  23.5751
0.1  23.4541
0.1  23.1178
0.1  23.0694
0.1  22.8332
0.1  22.5541
0.1  22.4854
0.1  22.4524
0.1  22.3618
0.1  22.2542
0.1  22.1729
0.1  22.0426
0.1  21.7261
0.1  21.646
0.1  21.4924
0.1  21.3227
0.1  21.2551
0.1  21.0858
0.1  20.9859
0.1  20.8099
0.1  20.5541
0.1  20.4518
0.1  20.4117
0.1  20.2471
0.1  20.1503
0.1  20.0698
0.1  19.8247
0.1  19.5978
0.1  19.5376
0.1  19.351
0.1  19.213
0.1  19.1184
0.1  18.7921
0.1  18.6196
0.1  18.6977
0.1  18.5594
0.1  18.3978
0.1  18.2799
0.1  18.1061
0.1  18.0221
0.1  17.9971
0.1  17.8143
0.1  17.6714
0.1  17.576
0.1  17.6142
0.1  17.4394
0.1  17.2597
0.1  17.2177
0.1  17.1316
0.1  16.9359
0.1  16.8123
0.1  16.6944
0.1  16.6198
0.1  16.4277
0.1  16.2844
0.1  16.1959
0.1  16.0021
0.1  15.8862
0.1  15.8654
0.1  15.7728
0.1  15.7179
0.1  15.6591
0.1  15.5243
0.1  15.4157
0.1  15.3414
0.1  15.2659
0.1  15.1965
0.1  15.0949
0.1  15.0227
0.1  14.9733
0.1  14.9317
0.1  14.846
0.1  14.7111
0.1  14.5792
0.1  14.6042
0.1  14.5116
0.1  14.397
0.1  14.2583
0.1  14.1045
0.1  14.0128
0.1  13.8886
0.1  13.8324
0.1  13.6523
0.1  13.5895
0.1  0.987319
0.1  1.4147
0.1  1.51272
0.1  1.78503
0.1  2.10862
0.1  2.30872
0.1  2.39947
0.1  2.95651
0.1  2.99188
0.1  3.23533
0.1  3.38844
0.1  3.53908
0.1  3.77297
0.1  3.97893
0.1  4.00736
0.1  4.22165
0.1  4.50468
0.1  4.55845
0.1  4.69709
0.1  4.82275
0.1  5.13083
0.1  5.24486
0.1  5.38385
0.1  5.5384
0.1  5.58909
0.1  5.79787
0.1  5.80982
0.1  5.90645
0.1  5.98501
0.1  6.07536
0.1  6.49369
0.1  6.56849
0.1  6.69889
0.1  6.90254
0.1  6.95538
0.1  7.24485
0.1  7.34433
0.1  7.39174
0.1  7.48075
0.1  7.65704
0.1  7.6988
0.1  7.9335
0.1  13.4091
0.1  8.0238
0.1  13.3512
0.1  8.21334
0.1  13.3234
0.1  8.30578
0.1  8.43999
0.1  13.2015
0.1  8.62234
0.1  8.78976
0.1  8.71662
0.1  8.91301
0.1  8.9905
0.1  9.18543
0.1  9.22871
0.1  9.44299
0.1  9.55433
0.1  9.74336
0.1  13.0867
0.1  9.9947
0.1  10.1165
0.1  10.1672
0.1  12.9762
0.1  12.8223
0.1  12.5791
0.1  12.5472
0.1  12.4829
0.1  12.3681
0.1  10.4032
0.1  10.4607
0.1  12.327
0.1  10.524
0.1  12.1932
0.1  12.0462
0.1  11.9521
0.1  11.8652
0.1  11.7919
0.1  10.7309
0.1  11.5791
0.1  11.4929
0.1  10.8739
0.1  11.4232
0.1  10.9527
0.1  11.3029
0.1  11.0378
0.1  11.2117
0.1  12.8982
0.1  11.1372
0.1  12.915
0.1  11.1518
0.15  65.3421
0.15  64.0261
0.15  54.1311
0.15  52.4277
0.15  51.8132
0.15  50.0588
0.15  48.3338
0.15  46.1016
0.15  45.2942
0.15  44.8931
0.15  43.5825
0.15  43.2631
0.15  42.4014
0.15  41.2775
0.15  39.3993
0.15  39.2751
0.15  38.8724
0.15  38.2934
0.15  37.1806
0.15  36.6525
0.15  36.0834
0.15  35.8823
0.15  35.4473
0.15  35.1895
0.15  34.1529
0.15  34.3209
0.15  33.9135
0.15  33.679
0.15  32.9897
0.15  32.5239
0.15  32.5577
0.15  32.2035
0.15  32.058
0.15  32.0853
0.15  31.2842
0.15  30.8493
0.15  30.645
0.15  29.8872
0.15  29.7199
0.15  29.6436
0.15  29.4933
0.15  29.2183
0.15  29.185
0.15  29.1458
0.15  28.7279
0.15  28.6127
0.15  28.3437
0.15  28.2452
0.15  28.2614
0.15  27.9878
0.15  27.847
0.15  27.6257
0.15  27.612
0.15  27.4746
0.15  27.3872
0.15  27.3079
0.15  27.1524
0.15  27.0454
0.15  26.8852
0.15  26.7049
0.15  26.5265
0.15  26.3741
0.15  26.1504
0.15  25.8372
0.15  25.7939
0.15  25.7443
0.15  25.5537
0.15  25.4298
0.15  25.0921
0.15  24.7067
0.15  24.6569
0.15  24.602
0.15  24.4052
0.15  24.2045
0.15  24.1068
0.15  24.0905
0.15  23.801
0.15  23.7691
0.15  23.662
0.15  23.6244
0.15  23.515
0.15  23.4274
0.15  23.0765
0.15  23.1168
0.15  22.8637
0.15  22.5599
0.15  22.4967
0.15  22.4643
0.15  22.3815
0.15  22.2647
0.15  22.2011
0.15  22.0888
0.15  21.7637
0.15  21.6914
0.15  21.4935
0.15  21.3253
0.15  21.2589
0.15  21.11
0.15  21.0015
0.15  20.8582
0.15  20.5604
0.15  20.4613
0.15  20.4148
0.15  20.2496
0.15  20.0852
0.15  20.1149
0.15  19.8704
0.15  19.7031
0.15  19.5096
0.15  19.3708
0.15  19.2151
0.15  19.1341
0.15  18.789
0.15  18.6908
0.15  18.6175
0.15  18.557
0.15  18.4082
0.15  18.2041
0.15  18.1203
0.15  18.0222
0.15  17.9919
0.15  17.7986
0.15  17.6717
0.15  17.6279
0.15  17.5756
0.15  17.4579
0.15  17.2721
0.15  17.2353
0.15  17.1076
0.15  16.9347
0.15  16.7995
0.15  16.7107
0.15  16.6588
0.15  16.4625
0.15  16.2999
0.15  16.2317
0.15  15.994
0.15  15.8832
0.15  15.8415
0.15  15.7727
0.15  15.7197
0.15  15.6645
0.15  15.5743
0.15  15.4562
0.15  15.3602
0.15  15.2931
0.15  15.1934
0.15  15.1006
0.15  15.0381
0.15  14.9958
0.15  14.9142
0.15  14.8504
0.15  14.7044
0.15  14.6474
0.15  14.6008
0.15  14.5548
0.15  14.4015
0.15  14.3151
0.15  0.99051
0.15  1.42709
0.15  1.5448
0.15  1.815
0.15  14.108
0.15  2.10135
0.15  2.30888
0.15  2.40697
0.15  2.98534
0.15  3.02389
0.15  3.21965
0.15  3.42157
0.15  3.58197
0.15  3.78431
0.15  3.97902
0.15  4.02788
0.15  14.0146
0.15  4.22367
0.15  4.50719
0.15  4.58105
0.15  13.9117
0.15  4.71422
0.15  4.83762
0.15  13.8489
0.15  5.16161
0.15  5.25664
0.15  5.39604
0.15  5.53404
0.15  5.58864
0.15  5.81173
0.15  5.84327
0.15  5.91928
0.15  5.98699
0.15  6.12312
0.15  6.50801
0.15  6.58616
0.15  6.74626
0.15  13.6512
0.15  6.90661
0.15  13.5837
0.15  6.96822
0.15  7.2889
0.15  13.4138
0.15  7.33433
0.15  7.39654
0.15  13.3518
0.15  7.49049
0.15  13.3129
0.15  7.72326
0.15  13.2266
0.15  7.69789
0.15  7.93328
0.15  8.02771
0.15  8.23625
0.15  8.3496
0.15  8.44885
0.15  13.087
0.15  8.61229
0.15  8.71562
0.15  8.81429
0.15  8.91979
0.15  12.9996
0.15  9.05685
0.15  9.20251
0.15  9.30699
0.15  12.8043
0.15  9.44066
0.15  9.59225
0.15  12.5763
0.15  9.74179
0.15  12.5474
0.15  12.4821
0.15  12.3892
0.15  12.3282
0.15  10.0217
0.15  10.1614
0.15  10.1003
0.15  12.2106
0.15  10.4095
0.15  10.5418
0.15  10.4671
0.15  12.0572
0.15  11.953
0.15  11.8708
0.15  11.7864
0.15  10.7643
0.15  11.5902
0.15  11.497
0.15  11.4608
0.15  10.9115
0.15  10.9396
0.15  11.3233
0.15  11.053
0.15  11.228
0.15  12.9079
0.15  11.1665
0.15  12.9344
0.15  11.1427
0.2  65.3432
0.2  64.0261
0.2  54.1411
0.2  52.4321
0.2  51.8091
0.2  50.0685
0.2  48.3352
0.2  46.1095
0.2  45.3674
0.2  44.8923
0.2  43.5828
0.2  43.3109
0.2  42.4252
0.2  41.2842
0.2  39.4676
0.2  39.3235
0.2  38.8749
0.2  38.3266
0.2  37.3562
0.2  36.6536
0.2  36.0997
0.2  35.8787
0.2  35.3683
0.2  35.1945
0.2  34.6716
0.2  34.1995
0.2  33.9211
0.2  33.7768
0.2  33.0038
0.2  32.5585
0.2  32.5013
0.2  32.1604
0.2  32.1753
0.2  32.0583
0.2  31.1227
0.2  30.8809
0.2  30.6621
0.2  29.9736
0.2  29.7141
0.2  29.6409
0.2  29.5051
0.2  29.2747
0.2  29.2114
0.2  29.122
0.2  28.7596
0.2  28.5811
0.2  28.395
0.2  28.2609
0.2  28.2419
0.2  27.99
0.2  27.8459
0.2  27.6447
0.2  27.6302
0.2  27.4365
0.2  27.3936
0.2  27.258
0.2  27.1493
0.2  27.0415
0.2  26.9006
0.2  26.7182
0.2  26.5393
0.2  26.3502
0.2  26.1389
0.2  25.8792
0.2  25.7975
0.2  25.7698
0.2  25.573
0.2  25.4354
0.2  25.08
0.2  24.6971
0.2  24.6661
0.2  24.6076
0.2  24.4854
0.2  24.2121
0.2  24.1464
0.2  24.0881
0.2  23.7958
0.2  23.785
0.2  23.6776
0.2  23.6316
0.2  23.4672
0.2  23.3704
0.2  23.0903
0.2  23.1157
0.2  22.8909
0.2  22.578
0.2  22.5156
0.2  22.4717
0.2  22.396
0.2  22.2848
0.2  22.2207
0.2  22.1108
0.2  21.7968
0.2  21.7459
0.2  21.4953
0.2  21.3454
0.2  21.2669
0.2  21.1467
0.2  21.0167
0.2  20.9124
0.2  20.6231
0.2  20.4734
0.2  20.3974
0.2  20.2451
0.2  20.132
0.2  20.0554
0.2  19.9237
0.2  19.8225
0.2  19.4957
0.2  19.3886
0.2  19.2136
0.2  19.1461
0.2  18.7823
0.2  18.6899
0.2  18.6135
0.2  18.5579
0.2  18.42
0.2  18.163
0.2  18.0898
0.2  18.0301
0.2  17.9822
0.2  17.7814
0.2  17.6727
0.2  17.6543
0.2  17.5966
0.2  17.4605
0.2  17.3057
0.2  17.19
0.2  17.0699
0.2  16.9482
0.2  16.7894
0.2  16.7461
0.2  16.6905
0.2  16.486
0.2  16.2987
0.2  16.2644
0.2  15.9836
0.2  15.8828
0.2  15.8433
0.2  15.7629
0.2  15.7222
0.2  15.686
0.2  15.6075
0.2  15.4972
0.2  15.3737
0.2  15.3161
0.2  15.1999
0.2  15.1019
0.2  15.0542
0.2  15.001
0.2  14.8926
0.2  14.849
0.2  14.715
0.2  14.6775
0.2  14.6243
0.2  14.5698
0.2  14.4074
0.2  14.3683
0.2  14.0978
0.2  14.0253
0.2  0.993143
0.2  1.43643
0.2  1.57136
0.2  1.84132
0.2  2.09426
0.2  2.3089
0.2  2.41281
0.2  2.97787
0.2  3.07469
0.2  3.20015
0.2  3.43713
0.2  3.63956
0.2  3.79549
0.2  3.97878
0.2  4.22531
0.2  4.04512
0.2  4.50837
0.2  4.60309
0.2  4.72633
0.2  4.85148
0.2  5.18249
0.2  5.26256
0.2  5.40752
0.2  5.52445
0.2  5.59032
0.2  5.81335
0.2  5.86495
0.2  5.94266
0.2  13.9064
0.2  5.98993
0.2  13.8634
0.2  6.16986
0.2  6.51825
0.2  6.60179
0.2  6.78722
0.2  6.89788
0.2  6.98493
0.2  7.29248
0.2  7.3239
0.2  7.43878
0.2  7.49346
0.2  7.71676
0.2  7.75225
0.2  7.93584
0.2  8.03056
0.2  8.25544
0.2  8.37219
0.2  8.45808
0.2  8.59823
0.2  8.70633
0.2  8.83722
0.2  13.6442
0.2  8.92469
0.2  13.5826
0.2  9.1189
0.2  9.18548
0.2  9.36097
0.2  9.42366
0.2  9.6049
0.2  9.78053
0.2  13.4171
0.2  13.3618
0.2  10.0303
0.2  10.0664
0.2  13.2995
0.2  10.1911
0.2  13.2523
0.2  10.4176
0.2  13.0875
0.2  10.4718
0.2  10.5564
0.2  12.7768
0.2  12.5714
0.2  12.5503
0.2  12.4706
0.2  12.4148
0.2  12.3295
0.2  12.2207
0.2  12.0643
0.2  11.9527
0.2  10.7742
0.2  11.8759
0.2  11.7858
0.2  10.8937
0.2  10.9541
0.2  11.5919
0.2  11.5037
0.2  11.4819
0.2  11.3565
0.2  13.0268
0.2  11.2414
0.2  11.0989
0.2  12.909
0.2  11.1931
0.2  12.9456
0.2  11.1497
0.25  65.3447
0.25  64.0261
0.25  54.1544
0.25  52.4384
0.25  51.8051
0.25  50.0803
0.25  48.3374
0.25  46.1246
0.25  45.4739
0.25  44.8917
0.25  43.5831
0.25  43.382
0.25  42.4558
0.25  41.2949
0.25  39.6576
0.25  39.3417
0.25  38.8784
0.25  38.4084
0.25  37.6374
0.25  36.655
0.25  36.122
0.25  35.8759
0.25  35.3743
0.25  35.2414
0.25  35.1115
0.25  34.1829
0.25  33.9219
0.25  33.8127
0.25  33.0188
0.25  32.5607
0.25  32.4913
0.25  32.23
0.25  32.1594
0.25  32.0389
0.25  31.082
0.25  30.9072
0.25  30.724
0.25  30.0927
0.25  29.6989
0.25  29.6368
0.25  29.4962
0.25  29.2936
0.25  29.2021
0.25  29.1045
0.25  28.7917
0.25  28.5309
0.25  28.4541
0.25  28.2703
0.25  28.2285
0.25  27.9855
0.25  27.8459
0.25  27.6525
0.25  27.6625
0.25  27.4202
0.25  27.397
0.25  27.2158
0.25  27.1441
0.25  27.0276
0.25  26.921
0.25  26.7363
0.25  26.5369
0.25  26.3512
0.25  26.1505
0.25  25.9393
0.25  25.799
0.25  25.7786
0.25  25.5969
0.25  25.4407
0.25  25.0749
0.25  24.6997
0.25  24.6764
0.25  24.6093
0.25  24.5293
0.25  24.2183
0.25  24.185
0.25  24.0834
0.25  23.8162
0.25  23.789
0.25  23.6928
0.25  23.6342
0.25  23.4516
0.25  23.3504
0.25  23.0995
0.25  23.1021
0.25  22.9087
0.25  22.6173
0.25  22.5333
0.25  22.4736
0.25  22.403
0.25  22.3015
0.25  22.2267
0.25  22.1157
0.25  21.795
0.25  21.8262
0.25  21.4978
0.25  21.3935
0.25  21.2766
0.25  21.1771
0.25  21.0302
0.25  20.9621
0.25  20.6912
0.25  20.5081
0.25  20.3989
0.25  20.2388
0.25  20.1802
0.25  20.0156
0.25  19.9898
0.25  19.895
0.25  19.4941
0.25  19.4002
0.25  19.208
0.25  19.1548
0.25  18.7741
0.25  18.6924
0.25  18.6097
0.25  18.5591
0.25  18.4298
0.25  18.1708
0.25  18.0481
0.25  17.981
0.25  18.023
0.25  17.7919
0.25  17.6943
0.25  17.6515
0.25  17.6098
0.25  17.4425
0.25  17.3254
0.25  17.1464
0.25  17.0489
0.25  16.9715
0.25  16.7912
0.25  16.7667
0.25  16.6955
0.25  16.4804
0.25  16.2988
0.25  16.2789
0.25  15.9744
0.25  15.8774
0.25  15.8836
0.25  15.751
0.25  15.7424
0.25  15.6842
0.25  15.6081
0.25  15.53
0.25  15.3758
0.25  15.3258
0.25  15.2076
0.25  15.1066
0.25  15.0541
0.25  15.0005
0.25  14.8804
0.25  14.8409
0.25  14.7446
0.25  14.6791
0.25  14.6431
0.25  14.5784
0.25  14.425
0.25  14.3944
0.25  14.0708
0.25  14.0321
0.25  13.8954
0.25  13.8737
0.25  0.995403
0.25  1.4443
0.25  1.59289
0.25  1.86387
0.25  2.08765
0.25  2.3088
0.25  2.41661
0.25  2.9698
0.25  3.11158
0.25  3.18142
0.25  3.44547
0.25  3.69602
0.25  3.80583
0.25  3.97852
0.25  4.05767
0.25  4.22667
0.25  4.50876
0.25  4.62323
0.25  4.73492
0.25  4.863
0.25  5.19493
0.25  5.26122
0.25  5.4144
0.25  5.51249
0.25  5.59538
0.25  5.81437
0.25  5.85886
0.25  5.9762
0.25  5.99757
0.25  13.6317
0.25  13.5831
0.25  6.21203
0.25  6.5278
0.25  6.61669
0.25  6.81031
0.25  6.89474
0.25  6.99615
0.25  7.27036
0.25  7.32522
0.25  7.47302
0.25  7.50183
0.25  7.76623
0.25  7.73103
0.25  7.94928
0.25  8.03241
0.25  8.37988
0.25  8.2706
0.25  8.46334
0.25  8.57998
0.25  13.4268
0.25  13.384
0.25  8.69487
0.25  8.85445
0.25  13.2916
0.25  8.92915
0.25  13.2684
0.25  9.13621
0.25  13.1019
0.25  9.17301
0.25  9.37964
0.25  9.5671
0.25  9.41625
0.25  13.0288
0.25  12.9093
0.25  12.941
0.25  9.84388
0.25  10.0085
0.25  10.073
0.25  12.7465
0.25  10.2243
0.25  10.4288
0.25  10.4753
0.25  10.568
0.25  12.4666
0.25  12.4308
0.25  12.2225
0.25  12.3314
0.25  12.068
0.25  10.7716
0.25  11.9526
0.25  10.8534
0.25  11.8807
0.25  11.7914
0.25  10.9704
0.25  11.5841
0.25  11.4012
0.25  11.5171
0.25  11.4849
0.25  11.2662
0.25  11.2267
0.25  11.1312
0.25  12.5513
0.25  12.5631
0.25  11.1611
0.3  65.3463
0.3  64.0262
0.3  54.1712
0.3  52.4469
0.3  51.8015
0.3  50.094
0.3  48.3407
0.3  46.1573
0.3  45.62
0.3  44.8913
0.3  43.4849
0.3  43.5837
0.3  42.4914
0.3  41.3129
0.3  40.0079
0.3  39.3468
0.3  38.8859
0.3  38.6075
0.3  37.9302
0.3  36.6566
0.3  36.1552
0.3  35.8769
0.3  35.7115
0.3  35.2437
0.3  35.1627
0.3  34.1645
0.3  33.8324
0.3  33.9177
0.3  33.0321
0.3  32.564
0.3  32.486
0.3  32.2673
0.3  32.1499
0.3  32.0248
0.3  31.1438
0.3  31.001
0.3  30.7447
0.3  30.2137
0.3  29.6904
0.3  29.6325
0.3  29.4748
0.3  29.2793
0.3  29.1861
0.3  29.092
0.3  28.8263
0.3  28.5472
0.3  28.4325
0.3  28.2772
0.3  28.2131
0.3  27.9778
0.3  27.8471
0.3  27.6843
0.3  27.6701
0.3  27.4184
0.3  27.3954
0.3  27.2044
0.3  27.1346
0.3  27.0009
0.3  26.9419
0.3  26.7536
0.3  26.513
0.3  26.3741
0.3  26.1772
0.3  25.9934
0.3  25.7992
0.3  25.7828
0.3  25.6245
0.3  25.4451
0.3  25.0785
0.3  24.702
0.3  24.6776
0.3  24.6106
0.3  24.5522
0.3  24.242
0.3  24.202
0.3  24.081
0.3  23.849
0.3  23.7899
0.3  23.703
0.3  23.6353
0.3  23.4458
0.3  23.3996
0.3  23.1027
0.3  23.0694
0.3  22.9187
0.3  22.6831
0.3  22.539
0.3  22.4743
0.3  22.4084
0.3  22.2927
0.3  22.2255
0.3  22.1142
0.3  21.85
0.3  21.825
0.3  21.505
0.3  21.4589
0.3  21.2852
0.3  21.1949
0.3  21.0502
0.3  20.9963
0.3  20.7609
0.3  20.561
0.3  20.422
0.3  20.258
0.3  20.2069
0.3  20.1003
0.3  19.9578
0.3  19.8988
0.3  19.5005
0.3  19.406
0.3  19.2015
0.3  19.1616
0.3  18.7652
0.3  18.6969
0.3  18.607
0.3  18.5579
0.3  18.4331
0.3  18.1856
0.3  18.0632
0.3  17.9927
0.3  17.9853
0.3  17.8473
0.3  17.6973
0.3  17.6264
0.3  17.6151
0.3  17.4187
0.3  17.3331
0.3  17.1613
0.3  17.0317
0.3  16.9658
0.3  16.8078
0.3  16.7455
0.3  16.683
0.3  16.4516
0.3  16.3304
0.3  16.2527
0.3  15.9795
0.3  15.9215
0.3  15.8787
0.3  15.7634
0.3  15.7477
0.3  15.6463
0.3  15.5492
0.3  15.5988
0.3  15.3716
0.3  15.3201
0.3  15.2118
0.3  15.1126
0.3  15.0461
0.3  14.996
0.3  14.8704
0.3  14.8467
0.3  14.7489
0.3  14.6864
0.3  14.6534
0.3  14.5834
0.3  14.445
0.3  14.3993
0.3  14.04
0.3  14.0348
0.3  13.9104
0.3  13.8548
0.3  0.997417
0.3  1.45152
0.3  1.61017
0.3  1.88287
0.3  2.08168
0.3  2.30865
0.3  2.41814
0.3  2.96162
0.3  3.13755
0.3  3.16563
0.3  3.45063
0.3  3.74448
0.3  3.81506
0.3  3.9783
0.3  4.0646
0.3  4.2283
0.3  4.50873
0.3  4.64108
0.3  4.74111
0.3  4.8716
0.3  5.20042
0.3  5.25224
0.3  5.41272
0.3  5.50279
0.3  5.60323
0.3  5.81495
0.3  5.84076
0.3  5.9874
0.3  6.0263
0.3  6.24817
0.3  6.53841
0.3  6.63257
0.3  13.6165
0.3  6.80641
0.3  13.5834
0.3  6.9093
0.3  6.99868
0.3  7.24792
0.3  7.32622
0.3  7.46734
0.3  7.53071
0.3  7.73523
0.3  7.77303
0.3  7.97897
0.3  8.03356
0.3  8.28124
0.3  8.38037
0.3  8.46351
0.3  13.4739
0.3  8.55865
0.3  13.397
0.3  8.68629
0.3  8.86492
0.3  13.2915
0.3  8.93231
0.3  13.2583
0.3  9.08411
0.3  9.20429
0.3  9.33675
0.3  13.1198
0.3  9.4506
0.3  9.51193
0.3  13.0226
0.3  9.87915
0.3  9.99582
0.3  12.715
0.3  10.0915
0.3  12.5624
0.3  12.5362
0.3  10.2562
0.3  12.4951
0.3  12.411
0.3  10.445
0.3  12.3332
0.3  10.4789
0.3  10.5783
0.3  12.2175
0.3  12.0697
0.3  10.7603
0.3  10.8157
0.3  11.9539
0.3  10.9772
0.3  11.8856
0.3  11.8005
0.3  11.1413
0.3  11.1749
0.3  11.2395
0.3  11.3117
0.3  11.5759
0.3  11.5264
0.3  11.4493
0.3  12.9221
0.3  12.9091
0.3  11.4888
0.35  65.3481
0.35  64.0263
0.35  54.1908
0.35  52.4575
0.35  51.7986
0.35  50.1092
0.35  48.3455
0.35  46.2395
0.35  45.7878
0.35  44.8912
0.35  43.6247
0.35  43.5832
0.35  42.5288
0.35  41.3482
0.35  40.5052
0.35  39.3485
0.35  38.9556
0.35  38.8382
0.35  38.0807
0.35  36.6583
0.35  36.2088
0.35  35.9508
0.35  35.8564
0.35  35.2223
0.35  35.164
0.35  34.1491
0.35  33.9102
0.35  33.8469
0.35  33.0401
0.35  32.5679
0.35  32.4825
0.35  32.2742
0.35  32.1445
0.35  32.0141
0.35  31.2823
0.35  31.0951
0.35  30.733
0.35  30.3262
0.35  29.6876
0.35  29.6298
0.35  29.4594
0.35  29.2667
0.35  29.1727
0.35  29.0788
0.35  28.8613
0.35  28.6016
0.35  28.3701
0.35  28.281
0.35  28.1916
0.35  27.9698
0.35  27.8493
0.35  27.7101
0.35  27.68
0.35  27.4228
0.35  27.3919
0.35  27.2064
0.35  26.9707
0.35  27.1294
0.35  26.9588
0.35  26.7661
0.35  26.4856
0.35  26.3979
0.35  26.2107
0.35  26.0321
0.35  25.7998
0.35  25.7868
0.35  25.652
0.35  25.4484
0.35  25.0906
0.35  24.6846
0.35  24.6774
0.35  24.613
0.35  24.571
0.35  24.2744
0.35  24.2038
0.35  24.0832
0.35  23.8877
0.35  23.7922
0.35  23.7105
0.35  23.6358
0.35  23.4827
0.35  23.4448
0.35  23.1036
0.35  23.043
0.35  22.9254
0.35  22.7572
0.35  22.5351
0.35  22.4758
0.35  22.4064
0.35  22.26
0.35  22.2225
0.35  22.1106
0.35  21.8575
0.35  21.8404
0.35  21.5506
0.35  21.4902
0.35  21.2942
0.35  21.2091
0.35  21.0764
0.35  21.0145
0.35  20.8341
0.35  20.6129
0.35  20.4655
0.35  20.3138
0.35  20.228
0.35  20.1272
0.35  19.9488
0.35  19.8648
0.35  19.5091
0.35  19.4086
0.35  19.1958
0.35  19.1682
0.35  18.7566
0.35  18.703
0.35  18.6054
0.35  18.5488
0.35  18.4295
0.35  18.2085
0.35  18.0822
0.35  18.0087
0.35  17.9683
0.35  17.9099
0.35  17.6942
0.35  17.6204
0.35  17.594
0.35  17.4057
0.35  17.3258
0.35  17.2002
0.35  17.0254
0.35  16.932
0.35  16.8169
0.35  16.714
0.35  16.6642
0.35  16.4223
0.35  16.3541
0.35  16.2267
0.35  16.0171
0.35  15.9301
0.35  15.8741
0.35  15.7754
0.35  15.7451
0.35  15.6043
0.35  15.5568
0.35  15.5818
0.35  15.3679
0.35  15.3036
0.35  15.2101
0.35  15.1168
0.35  15.0371
0.35  14.987
0.35  14.8653
0.35  14.8556
0.35  14.7408
0.35  14.7029
0.35  14.6557
0.35  14.575
0.35  14.4562
0.35  14.4006
0.35  0.999276
0.35  1.45858
0.35  1.6239
0.35  1.89873
0.35  2.07652
0.35  2.30848
0.35  2.41735
0.35  2.95405
0.35  3.15768
0.35  3.15147
0.35  3.45365
0.35  3.78232
0.35  3.82347
0.35  3.97812
0.35  4.06545
0.35  4.23117
0.35  4.5085
0.35  4.65656
0.35  4.74547
0.35  4.87707
0.35  5.23686
0.35  5.19977
0.35  5.40152
0.35  5.49836
0.35  5.61217
0.35  5.8179
0.35  5.81517
0.35  5.98916
0.35  6.05647
0.35  6.27821
0.35  6.55122
0.35  6.6514
0.35  6.78568
0.35  6.93307
0.35  6.99226
0.35  7.22942
0.35  7.32666
0.35  14.0411
0.35  7.44853
0.35  14.0117
0.35  7.55068
0.35  13.9298
0.35  7.72478
0.35  13.8402
0.35  7.78219
0.35  8.02094
0.35  8.03701
0.35  8.2867
0.35  8.37828
0.35  8.46003
0.35  8.5385
0.35  8.68205
0.35  8.87011
0.35  8.93336
0.35  9.03531
0.35  13.6037
0.35  13.5957
0.35  9.21901
0.35  9.27872
0.35  13.5284
0.35  9.48202
0.35  9.46121
0.35  13.3973
0.35  13.2869
0.35  13.2406
0.35  9.88416
0.35  13.1285
0.35  9.99828
0.35  10.1073
0.35  13.0216
0.35  12.9114
0.35  12.895
0.35  10.2814
0.35  10.4665
0.35  10.4832
0.35  10.589
0.35  10.736
0.35  10.7908
0.35  10.9797
0.35  12.6855
0.35  11.1449
0.35  11.1845
0.35  12.5681
0.35  11.2449
0.35  12.5293
0.35  11.3471
0.35  12.5027
0.35  11.809
0.35  12.0713
0.35  11.9577
0.35  11.8909
0.35  12.2082
0.35  11.5782
0.35  11.5535
0.35  12.3343
0.35  11.4665
0.35  12.3794
0.35  11.4955
0.4  65.3498
0.4  64.0263
0.4  54.2111
0.4  52.469
0.4  51.7964
0.4  50.1244
0.4  48.3521
0.4  46.4226
0.4  45.9084
0.4  44.8913
0.4  43.7805
0.4  43.5841
0.4  42.5628
0.4  41.4361
0.4  40.9413
0.4  39.3491
0.4  39.1622
0.4  38.8672
0.4  38.141
0.4  36.6601
0.4  36.2724
0.4  36.0307
0.4  35.8596
0.4  35.1611
0.4  35.209
0.4  34.1378
0.4  33.9014
0.4  33.858
0.4  33.0413
0.4  32.5717
0.4  32.4809
0.4  32.253
0.4  32.1429
0.4  32.0041
0.4  31.4341
0.4  31.1683
0.4  30.7244
0.4  30.4149
0.4  29.6868
0.4  29.6284
0.4  29.4503
0.4  29.2622
0.4  29.1723
0.4  29.0624
0.4  28.8911
0.4  28.6411
0.4  28.3345
0.4  28.2789
0.4  28.1653
0.4  27.9636
0.4  27.8518
0.4  27.7329
0.4  27.6857
0.4  27.4297
0.4  27.3885
0.4  27.2054
0.4  27.1305
0.4  26.944
0.4  26.9709
0.4  26.7721
0.4  26.4925
0.4  26.3936
0.4  26.2397
0.4  26.0573
0.4  25.8043
0.4  25.7898
0.4  25.6744
0.4  25.4505
0.4  25.1078
0.4  24.6775
0.4  24.6531
0.4  24.5873
0.4  24.6135
0.4  24.3067
0.4  24.2014
0.4  24.095
0.4  23.9303
0.4  23.7956
0.4  23.7174
0.4  23.6361
0.4  23.562
0.4  23.4465
0.4  23.1048
0.4  23.0332
0.4  22.9308
0.4  22.8095
0.4  22.5303
0.4  22.4768
0.4  22.3896
0.4  22.2303
0.4  22.2193
0.4  22.0894
0.4  21.8715
0.4  21.8315
0.4  21.6168
0.4  21.4947
0.4  21.3055
0.4  21.2252
0.4  21.0925
0.4  21.0344
0.4  20.9021
0.4  20.6505
0.4  20.3605
0.4  20.5283
0.4  20.2406
0.4  20.1212
0.4  19.9459
0.4  19.8311
0.4  19.516
0.4  19.4098
0.4  19.1908
0.4  19.1747
0.4  18.7497
0.4  18.7095
0.4  18.6036
0.4  18.5296
0.4  18.419
0.4  18.2441
0.4  18.1027
0.4  18.0272
0.4  17.9704
0.4  17.9453
0.4  17.6906
0.4  17.6223
0.4  17.5711
0.4  17.4071
0.4  17.3092
0.4  17.2225
0.4  17.0259
0.4  16.9017
0.4  16.8198
0.4  16.6806
0.4  16.646
0.4  16.4259
0.4  16.3508
0.4  16.2087
0.4  16.0549
0.4  15.9245
0.4  15.8684
0.4  15.7842
0.4  15.7376
0.4  15.5868
0.4  15.5595
0.4  15.5381
0.4  15.3656
0.4  15.2889
0.4  15.2012
0.4  15.118
0.4  15.0299
0.4  14.9739
0.4  14.878
0.4  14.8456
0.4  14.7603
0.4  14.7002
0.4  14.655
0.4  14.55
0.4  14.4627
0.4  14.4005
0.4  14.0477
0.4  13.9939
0.4  13.948
0.4  13.8616
0.4  13.6425
0.4  13.5842
0.4  13.5349
0.4  1.00104
0.4  1.4658
0.4  1.63457
0.4  1.91186
0.4  2.07256
0.4  2.30836
0.4  2.41443
0.4  2.94788
0.4  3.16915
0.4  3.14428
0.4  3.45472
0.4  3.80891
0.4  3.83194
0.4  3.97795
0.4  4.0606
0.4  4.23621
0.4  4.50817
0.4  4.66955
0.4  4.7482
0.4  4.87955
0.4  5.21895
0.4  5.19278
0.4  5.38464
0.4  5.4982
0.4  5.62058
0.4  5.79348
0.4  5.81526
0.4  5.98929
0.4  6.07846
0.4  6.30321
0.4  6.56751
0.4  6.67417
0.4  6.75792
0.4  6.95448
0.4  6.98128
0.4  7.2153
0.4  7.32704
0.4  7.4227
0.4  7.56007
0.4  7.71014
0.4  7.78887
0.4  8.08076
0.4  8.0322
0.4  8.28651
0.4  8.377
0.4  8.45474
0.4  8.52504
0.4  13.3952
0.4  8.68131
0.4  8.87203
0.4  8.93309
0.4  8.99917
0.4  13.2797
0.4  13.2292
0.4  9.19636
0.4  9.2372
0.4  13.1221
0.4  9.42709
0.4  13.0241
0.4  9.50342
0.4  12.9113
0.4  12.8755
0.4  9.8779
0.4  10.0043
0.4  10.1179
0.4  10.2965
0.4  10.487
0.4  10.4899
0.4  12.667
0.4  10.6013
0.4  10.7026
0.4  12.578
0.4  10.7801
0.4  12.5454
0.4  10.9805
0.4  12.4686
0.4  12.1953
0.4  11.1468
0.4  11.1896
0.4  12.0746
0.4  11.2477
0.4  11.9657
0.4  11.8132
0.4  11.897
0.4  11.3706
0.4  11.6159
0.4  11.5704
0.4  12.3324
0.4  11.483
0.4  11.4682
0.4  12.3436
0.45  65.3511
0.45  64.0264
0.45  54.2273
0.45  52.4786
0.45  51.7951
0.45  50.1367
0.45  48.3593
0.45  46.6426
0.45  45.9574
0.45  44.8914
0.45  43.9055
0.45  43.5845
0.45  42.5869
0.45  41.5895
0.45  41.1255
0.45  39.2938
0.45  39.3497
0.45  38.8715
0.45  38.167
0.45  36.6617
0.45  36.3156
0.45  36.0589
0.45  35.8585
0.45  35.1587
0.45  35.2019
0.45  34.1314
0.45  33.8657
0.45  33.8936
0.45  33.0382
0.45  32.5744
0.45  32.4808
0.45  32.2143
0.45  32.1461
0.45  31.9951
0.45  31.5539
0.45  31.223
0.45  30.7258
0.45  30.4627
0.45  29.6277
0.45  29.6864
0.45  29.4447
0.45  29.2619
0.45  29.046
0.45  29.1786
0.45  28.9127
0.45  28.6631
0.45  28.326
0.45  28.2713
0.45  28.1427
0.45  27.9598
0.45  27.854
0.45  27.7501
0.45  27.6877
0.45  27.4362
0.45  27.3853
0.45  27.1989
0.45  27.1368
0.45  26.9776
0.45  26.9245
0.45  26.7713
0.45  26.5205
0.45  26.3799
0.45  26.2552
0.45  26.0726
0.45  25.8135
0.45  25.7886
0.45  25.6895
0.45  25.451
0.45  25.124
0.45  24.6777
0.45  24.6375
0.45  24.6153
0.45  24.5755
0.45  24.3394
0.45  24.1951
0.45  24.1201
0.45  23.9637
0.45  23.7997
0.45  23.7242
0.45  23.6098
0.45  23.6362
0.45  23.4483
0.45  23.1065
0.45  23.0346
0.45  22.9349
0.45  22.8311
0.45  22.5289
0.45  22.4765
0.45  22.3645
0.45  22.2225
0.45  22.2197
0.45  22.0358
0.45  21.9013
0.45  21.8116
0.45  21.6689
0.45  21.4964
0.45  21.3176
0.45  21.2413
0.45  21.0922
0.45  21.0687
0.45  20.9443
0.45  20.673
0.45  20.5775
0.45  20.3833
0.45  20.2466
0.45  20.1131
0.45  19.944
0.45  19.8097
0.45  19.5198
0.45  19.4104
0.45  19.1866
0.45  19.1796
0.45  18.7453
0.45  18.7142
0.45  18.6014
0.45  18.5061
0.45  18.3974
0.45  18.2905
0.45  18.126
0.45  18.0406
0.45  17.9922
0.45  17.9433
0.45  17.6852
0.45  17.6235
0.45  17.5593
0.45  17.4143
0.45  17.2958
0.45  17.2262
0.45  17.0272
0.45  16.8827
0.45  16.8191
0.45  16.6543
0.45  16.6267
0.45  16.4529
0.45  16.336
0.45  16.2021
0.45  16.0768
0.45  15.9176
0.45  15.8624
0.45  15.7907
0.45  15.7285
0.45  15.5801
0.45  15.56
0.45  15.4882
0.45  15.3653
0.45  15.282
0.45  15.1882
0.45  15.1147
0.45  15.0249
0.45  14.9596
0.45  14.8898
0.45  14.838
0.45  14.7986
0.45  14.687
0.45  14.654
0.45  14.5186
0.45  14.4644
0.45  14.3989
0.45  14.0607
0.45  13.9838
0.45  13.9721
0.45  13.9169
0.45  13.6585
0.45  13.5744
0.45  13.5249
0.45  13.3922
0.45  1.00277
0.45  1.4734
0.45  1.64252
0.45  1.92263
0.45  2.07051
0.45  2.30836
0.45  2.40976
0.45  2.94386
0.45  3.13935
0.45  3.17827
0.45  3.45368
0.45  3.82652
0.45  3.84058
0.45  3.97777
0.45  4.05127
0.45  4.24374
0.45  4.50768
0.45  4.7492
0.45  4.67968
0.45  4.88002
0.45  5.17959
0.45  5.20362
0.45  5.36709
0.45  5.50003
0.45  5.62761
0.45  5.76985
0.45  5.81508
0.45  5.98854
0.45  6.09197
0.45  6.32495
0.45  6.58894
0.45  6.6996
0.45  6.72688
0.45  6.94928
0.45  6.98946
0.45  7.20512
0.45  7.32756
0.45  7.3931
0.45  7.5643
0.45  13.2727
0.45  7.69911
0.45  13.23
0.45  7.78927
0.45  8.03385
0.45  8.13727
0.45  8.282
0.45  8.3789
0.45  8.45011
0.45  8.52145
0.45  8.68291
0.45  8.8722
0.45  8.93337
0.45  8.97883
0.45  9.1433
0.45  9.22092
0.45  13.1037
0.45  13.0286
0.45  9.51829
0.45  9.40802
0.45  12.9116
0.45  12.8646
0.45  9.86909
0.45  10.0087
0.45  10.1244
0.45  10.3027
0.45  12.6636
0.45  10.4871
0.45  10.5104
0.45  12.5844
0.45  10.6124
0.45  12.5514
0.45  10.6764
0.45  10.7765
0.45  12.4406
0.45  12.3365
0.45  12.3002
0.45  12.1766
0.45  12.0814
0.45  10.9809
0.45  11.9802
0.45  11.9042
0.45  11.1486
0.45  11.8099
0.45  11.1915
0.45  11.2472
0.45  11.6526
0.45  11.5742
0.45  11.3872
0.45  11.4713
0.45  11.4651
0.5  65.3515
0.5  64.0264
0.5  54.2337
0.5  52.4822
0.5  51.7947
0.5  50.1416
0.5  48.3636
0.5  46.741
0.5  45.9679
0.5  44.8913
0.5  43.9525
0.5  43.5846
0.5  42.5954
0.5  41.6638
0.5  41.162
0.5  39.3314
0.5  39.3552
0.5  38.8734
0.5  38.1749
0.5  36.6628
0.5  36.3299
0.5  36.0652
0.5  35.8575
0.5  35.1596
0.5  35.1982
0.5  34.1303
0.5  33.8683
0.5  33.8904
0.5  33.0356
0.5  32.5754
0.5  32.4811
0.5  32.1874
0.5  32.1505
0.5  31.9977
0.5  31.601
0.5  31.245
0.5  30.734
0.5  30.4673
0.5  29.6862
0.5  29.6275
0.5  29.4418
0.5  29.2617
0.5  29.1829
0.5  29.0321
0.5  28.9262
0.5  28.669
0.5  28.3304
0.5  28.2662
0.5  28.1294
0.5  27.9581
0.5  27.8553
0.5  27.7616
0.5  27.6863
0.5  27.4389
0.5  27.3822
0.5  27.1896
0.5  27.1469
0.5  26.9797
0.5  26.914
0.5  26.7691
0.5  26.5385
0.5  26.3749
0.5  26.2598
0.5  26.0783
0.5  25.8197
0.5  25.7849
0.5  25.6962
0.5  25.45
0.5  25.1331
0.5  24.6768
0.5  24.6391
0.5  24.6226
0.5  24.5446
0.5  24.3619
0.5  24.1831
0.5  24.1486
0.5  23.9778
0.5  23.8031
0.5  23.7292
0.5  23.6222
0.5  23.6363
0.5  23.4485
0.5  23.1076
0.5  23.0377
0.5  22.9371
0.5  22.8299
0.5  22.5301
0.5  22.475
0.5  22.348
0.5  22.2321
0.5  22.2156
0.5  21.9959
0.5  21.9232
0.5  21.7983
0.5  21.688
0.5  21.4969
0.5  21.3251
0.5  21.254
0.5  21.1054
0.5  21.0763
0.5  20.9531
0.5  20.6819
0.5  20.5901
0.5  20.3933
0.5  20.2495
0.5  20.1085
0.5  19.944
0.5  19.802
0.5  19.5211
0.5  19.4107
0.5  19.1864
0.5  19.1783
0.5  18.7435
0.5  18.7154
0.5  18.599
0.5  18.4903
0.5  18.3588
0.5  18.3371
0.5  18.1497
0.5  18.0429
0.5  18.0102
0.5  17.9362
0.5  17.6772
0.5  17.624
0.5  17.5579
0.5  17.4205
0.5  17.2918
0.5  17.2179
0.5  17.0294
0.5  16.8715
0.5  16.8169
0.5  16.6467
0.5  16.6013
0.5  16.4822
0.5  16.3291
0.5  16.2024
0.5  16.0853
0.5  15.912
0.5  15.8564
0.5  15.7956
0.5  15.7225
0.5  15.5789
0.5  15.561
0.5  15.4433
0.5  15.3692
0.5  15.2804
0.5  15.1772
0.5  15.1053
0.5  15.0221
0.5  14.9473
0.5  14.9027
0.5  14.8436
0.5  14.831
0.5  14.6772
0.5  14.6536
0.5  14.5077
0.5  14.4483
0.5  14.3955
0.5  14.0975
0.5  14.0139
0.5  13.9794
0.5  13.9397
0.5  1.00448
0.5  1.4815
0.5  1.648
0.5  1.93134
0.5  2.07111
0.5  2.30848
0.5  2.4038
0.5  2.94249
0.5  3.13733
0.5  3.18547
0.5  3.45032
0.5  3.84065
0.5  3.84739
0.5  3.97754
0.5  4.03854
0.5  4.25323
0.5  4.50687
0.5  4.68632
0.5  4.74786
0.5  4.88035
0.5  5.16514
0.5  5.19143
0.5  5.35215
0.5  5.50266
0.5  5.63306
0.5  5.81469
0.5  5.74822
0.5  5.98714
0.5  6.09866
0.5  6.34494
0.5  6.61667
0.5  6.69219
0.5  6.72743
0.5  6.92627
0.5  7.00853
0.5  7.19882
0.5  7.32779
0.5  7.36475
0.5  7.56862
0.5  7.69376
0.5  7.7825
0.5  13.6545
0.5  8.03644
0.5  8.1869
0.5  8.27924
0.5  13.5735
0.5  8.38429
0.5  13.5124
0.5  8.44869
0.5  8.52816
0.5  8.68617
0.5  8.87093
0.5  8.93309
0.5  8.97705
0.5  9.1037
0.5  9.20346
0.5  9.52967
0.5  9.39974
0.5  13.388
0.5  13.2684
0.5  13.2378
0.5  9.85939
0.5  13.086
0.5  10.0101
0.5  13.0348
0.5  10.1276
0.5  10.3028
0.5  10.479
0.5  10.525
0.5  10.6166
0.5  10.6714
0.5  12.9119
0.5  10.7776
0.5  12.8636
0.5  10.9816
0.5  12.6652
0.5  11.1513
0.5  12.5867
0.5  11.1904
0.5  12.5537
0.5  11.2422
0.5  11.8012
0.5  12.0005
0.5  11.9097
0.5  12.0941
0.5  12.1494
0.5  11.6635
0.5  12.4298
0.5  11.5778
0.5  12.2716
0.5  11.4
0.5  11.4715
0.5  12.3365
0.5  11.4516
0.55  65.3511
0.55  64.0263
0.55  54.2273
0.55  52.478
0.55  51.7953
0.55  50.1367
0.55  48.3617
0.55  46.6475
0.55  45.9518
0.55  44.891
0.55  43.9047
0.55  43.5845
0.55  42.5854
0.55  41.5903
0.55  41.1254
0.55  39.3543
0.55  39.2868
0.55  38.8745
0.55  38.1682
0.55  36.6633
0.55  36.3156
0.55  36.0561
0.55  35.8571
0.55  35.1651
0.55  35.1964
0.55  34.1349
0.55  33.894
0.55  33.8645
0.55  33.0361
0.55  32.5745
0.55  32.4812
0.55  32.2075
0.55  32.1423
0.55  32.0175
0.55  31.5472
0.55  31.2264
0.55  30.7419
0.55  30.4362
0.55  29.6861
0.55  29.6276
0.55  29.4416
0.55  29.2595
0.55  29.1827
0.55  29.0216
0.55  28.932
0.55  28.6599
0.55  28.3429
0.55  28.2679
0.55  28.1238
0.55  27.9578
0.55  27.8558
0.55  27.7671
0.55  27.6823
0.55  27.4363
0.55  27.3795
0.55  27.1803
0.55  27.158
0.55  26.9775
0.55  26.9131
0.55  26.7713
0.55  26.533
0.55  26.3785
0.55  26.2586
0.55  26.0737
0.55  25.8196
0.55  25.7798
0.55  25.693
0.55  25.4481
0.55  25.1321
0.55  24.6746
0.55  24.6448
0.55  24.6235
0.55  24.5424
0.55  24.35
0.55  24.1583
0.55  24.1742
0.55  23.9746
0.55  23.8045
0.55  23.731
0.55  23.6055
0.55  23.6364
0.55  23.446
0.55  23.107
0.55  23.0404
0.55  22.9362
0.55  22.8108
0.55  22.5327
0.55  22.4715
0.55  22.3551
0.55  22.2391
0.55  22.2096
0.55  22.0448
0.55  21.8826
0.55  21.7985
0.55  21.6639
0.55  21.4967
0.55  21.3252
0.55  21.2611
0.55  21.1221
0.55  21.057
0.55  20.9269
0.55  20.6753
0.55  20.5659
0.55  20.394
0.55  20.2503
0.55  20.108
0.55  19.9463
0.55  19.8081
0.55  19.5201
0.55  19.4106
0.55  19.1883
0.55  19.1722
0.55  18.7437
0.55  18.7123
0.55  18.5965
0.55  18.4873
0.55  18.3842
0.55  18.2936
0.55  18.1683
0.55  18.0407
0.55  18.0241
0.55  17.9274
0.55  17.6674
0.55  17.6243
0.55  17.5657
0.55  17.4214
0.55  17.2973
0.55  17.2038
0.55  17.0336
0.55  16.8644
0.55  16.8143
0.55  16.6518
0.55  16.5927
0.55  16.4959
0.55  16.334
0.55  16.2042
0.55  16.0832
0.55  15.9082
0.55  15.8503
0.55  15.8004
0.55  15.7216
0.55  15.583
0.55  15.5628
0.55  15.4092
0.55  15.3793
0.55  15.2814
0.55  15.1711
0.55  15.0923
0.55  15.0219
0.55  14.9448
0.55  14.9175
0.55  14.873
0.55  14.8338
0.55  14.6739
0.55  14.6535
0.55  14.5215
0.55  14.4243
0.55  14.3932
0.55  14.157
0.55  14.0286
0.55  13.9805
0.55  13.9365
0.55  13.6453
0.55  1.0062
0.55  1.49013
0.55  1.65118
0.55  1.93835
0.55  2.07448
0.55  2.30867
0.55  2.3967
0.55  2.94391
0.55  3.13761
0.55  3.19204
0.55  3.44441
0.55  3.85809
0.55  3.84775
0.55  4.02269
0.55  3.97714
0.55  4.26351
0.55  4.50549
0.55  4.68893
0.55  4.74316
0.55  4.88169
0.55  5.15435
0.55  5.18069
0.55  5.34104
0.55  5.50575
0.55  5.63662
0.55  5.72918
0.55  5.81413
0.55  5.98517
0.55  6.10048
0.55  6.36369
0.55  6.6416
0.55  6.7508
0.55  6.66801
0.55  6.90076
0.55  7.02409
0.55  7.19711
0.55  7.32447
0.55  7.34439
0.55  7.57476
0.55  7.69265
0.55  13.5838
0.55  7.76986
0.55  13.5004
0.55  8.04052
0.55  8.21225
0.55  8.29256
0.55  8.392
0.55  8.45132
0.55  8.54473
0.55  8.69081
0.55  8.86877
0.55  8.93035
0.55  8.99014
0.55  9.0881
0.55  13.3817
0.55  9.19076
0.55  13.2686
0.55  13.2468
0.55  9.39663
0.55  13.0755
0.55  13.0435
0.55  9.54112
0.55  9.84915
0.55  12.9123
0.55  12.8717
0.55  10.0078
0.55  10.1271
0.55  10.2987
0.55  10.4617
0.55  12.6662
0.55  10.529
0.55  10.6234
0.55  12.5889
0.55  10.6814
0.55  12.5546
0.55  10.7847
0.55  12.3371
0.55  12.2572
0.55  12.1114
0.55  12.1206
0.55  12.0185
0.55  10.9829
0.55  11.9111
0.55  11.7941
0.55  11.1551
0.55  11.1846
0.55  11.6457
0.55  11.2341
0.55  11.5828
0.55  11.4722
0.55  11.4102
0.55  12.4386
0.55  11.4381
0.6  65.3499
0.6  64.0263
0.6  54.2111
0.6  52.468
0.6  51.7967
0.6  50.1244
0.6  48.3558
0.6  46.4352
0.6  45.8956
0.6  44.8905
0.6  43.7788
0.6  43.5842
0.6  42.5597
0.6  41.4362
0.6  40.9423
0.6  39.3532
0.6  39.1504
0.6  38.8752
0.6  38.1436
0.6  36.6634
0.6  36.2723
0.6  36.0248
0.6  35.8575
0.6  35.1763
0.6  35.1956
0.6  34.145
0.6  33.9015
0.6  33.8564
0.6  33.0384
0.6  32.5717
0.6  32.4815
0.6  32.2449
0.6  32.1397
0.6  32.0355
0.6  31.4236
0.6  31.1723
0.6  30.7459
0.6  30.3753
0.6  29.686
0.6  29.6283
0.6  29.4447
0.6  29.2565
0.6  29.1803
0.6  29.0173
0.6  28.9269
0.6  28.6366
0.6  28.3693
0.6  28.2762
0.6  28.1198
0.6  27.9586
0.6  27.8558
0.6  27.7675
0.6  27.676
0.6  27.4299
0.6  27.3775
0.6  27.1742
0.6  27.163
0.6  26.9718
0.6  26.9228
0.6  26.773
0.6  26.5128
0.6  26.392
0.6  26.2488
0.6  26.059
0.6  25.8165
0.6  25.7741
0.6  25.679
0.6  25.4463
0.6  25.1229
0.6  24.6723
0.6  24.6273
0.6  24.6536
0.6  24.5536
0.6  24.3118
0.6  24.1849
0.6  24.1364
0.6  23.9547
0.6  23.8034
0.6  23.7299
0.6  23.6364
0.6  23.5633
0.6  23.4408
0.6  23.1046
0.6  23.0464
0.6  22.9306
0.6  22.773
0.6  22.5357
0.6  22.464
0.6  22.3827
0.6  22.2398
0.6  22.2072
0.6  22.1009
0.6  21.8504
0.6  21.809
0.6  21.6061
0.6  21.4968
0.6  21.3213
0.6  21.2607
0.6  21.1201
0.6  21.0428
0.6  20.865
0.6  20.6499
0.6  20.5131
0.6  20.379
0.6  20.2491
0.6  20.1099
0.6  19.9503
0.6  19.8278
0.6  19.5158
0.6  19.4101
0.6  19.1891
0.6  19.1652
0.6  18.7453
0.6  18.705
0.6  18.5938
0.6  18.4951
0.6  18.4133
0.6  18.2224
0.6  18.1783
0.6  18.0499
0.6  18.0219
0.6  17.917
0.6  17.658
0.6  17.6259
0.6  17.5814
0.6  17.4144
0.6  17.3104
0.6  17.1857
0.6  17.0401
0.6  16.859
0.6  16.8116
0.6  16.667
0.6  16.6195
0.6  16.4793
0.6  16.354
0.6  16.2068
0.6  16.0659
0.6  15.9058
0.6  15.844
0.6  15.807
0.6  15.7249
0.6  15.5916
0.6  15.5652
0.6  15.4037
0.6  15.379
0.6  15.2841
0.6  15.1685
0.6  15.0842
0.6  15.0253
0.6  14.9691
0.6  14.9199
0.6  14.8886
0.6  14.8328
0.6  14.6762
0.6  14.6541
0.6  14.5467
0.6  14.3981
0.6  14.4104
0.6  14.1941
0.6  14.0299
0.6  13.9824
0.6  13.9216
0.6  1.00794
0.6  1.49924
0.6  1.65223
0.6  1.94406
0.6  2.07988
0.6  2.30876
0.6  2.38813
0.6  2.94792
0.6  3.13937
0.6  3.19925
0.6  3.43573
0.6  3.87396
0.6  3.84537
0.6  4.00385
0.6  3.9759
0.6  4.27312
0.6  4.50339
0.6  4.68731
0.6  4.73487
0.6  4.88246
0.6  5.14566
0.6  5.17211
0.6  5.3337
0.6  5.50933
0.6  5.63735
0.6  5.71308
0.6  5.81344
0.6  5.98263
0.6  6.09871
0.6  6.3809
0.6  6.61529
0.6  6.69858
0.6  6.76858
0.6  6.87872
0.6  7.03287
0.6  7.2012
0.6  7.31126
0.6  7.33869
0.6  7.58026
0.6  13.6378
0.6  7.6891
0.6  13.605
0.6  7.75807
0.6  13.4899
0.6  8.04599
0.6  8.21108
0.6  8.32021
0.6  8.40171
0.6  8.45691
0.6  8.56939
0.6  13.3722
0.6  13.2529
0.6  13.2737
0.6  8.69679
0.6  8.86789
0.6  8.92636
0.6  9.00151
0.6  9.19126
0.6  13.0712
0.6  9.10004
0.6  13.054
0.6  12.9133
0.6  12.8857
0.6  9.39541
0.6  9.55556
0.6  12.6792
0.6  9.83874
0.6  12.587
0.6  12.5548
0.6  10.0007
0.6  12.4601
0.6  10.1227
0.6  12.3378
0.6  10.2905
0.6  10.4372
0.6  12.2505
0.6  10.5236
0.6  12.1375
0.6  10.6362
0.6  12.0878
0.6  12.0281
0.6  10.6946
0.6  10.8001
0.6  11.909
0.6  10.9846
0.6  11.7903
0.6  11.1589
0.6  11.1717
0.6  11.6112
0.6  11.5885
0.6  11.2276
0.6  11.471
0.6  11.4151
0.6  11.4245
0.65  65.3483
0.65  64.0262
0.65  54.1908
0.65  52.4561
0.65  51.799
0.65  50.1092
0.65  48.3497
0.65  46.2579
0.65  45.771
0.65  44.8901
0.65  43.6232
0.65  43.5828
0.65  42.5243
0.65  41.3469
0.65  40.5074
0.65  39.3532
0.65  38.9175
0.65  38.871
0.65  38.0845
0.65  36.6631
0.65  36.2077
0.65  35.9399
0.65  35.857
0.65  35.1969
0.65  35.1922
0.65  34.16
0.65  33.9099
0.65  33.8454
0.65  33.0383
0.65  32.5678
0.65  32.483
0.65  32.2685
0.65  32.1438
0.65  32.0476
0.65  31.2678
0.65  31.0968
0.65  30.7466
0.65  30.2898
0.65  29.6861
0.65  29.63
0.65  29.4517
0.65  29.2564
0.65  29.1827
0.65  29.0234
0.65  28.9065
0.65  28.6009
0.65  28.4196
0.65  28.2851
0.65  28.11
0.65  27.961
0.65  27.8555
0.65  27.765
0.65  27.6667
0.65  27.423
0.65  27.3763
0.65  27.1734
0.65  27.1547
0.65  26.9653
0.65  26.9427
0.65  26.7666
0.65  26.5071
0.65  26.3973
0.65  26.2316
0.65  26.0329
0.65  25.8142
0.65  25.7695
0.65  25.6546
0.65  25.4453
0.65  25.1102
0.65  24.6413
0.65  24.6677
0.65  24.6711
0.65  24.5475
0.65  24.2701
0.65  24.1915
0.65  24.1199
0.65  23.92
0.65  23.8002
0.65  23.7266
0.65  23.6363
0.65  23.5058
0.65  23.4311
0.65  23.1022
0.65  23.0595
0.65  22.9226
0.65  22.7172
0.65  22.5391
0.65  22.4489
0.65  22.413
0.65  22.238
0.65  22.2194
0.65  22.1295
0.65  21.832
0.65  21.8162
0.65  21.5352
0.65  21.4979
0.65  21.3178
0.65  21.2524
0.65  21.11
0.65  21.0248
0.65  20.7925
0.65  20.6032
0.65  20.4595
0.65  20.3289
0.65  20.244
0.65  20.107
0.65  19.9544
0.65  19.8593
0.65  19.5071
0.65  19.4086
0.65  19.1889
0.65  19.1588
0.65  18.7474
0.65  18.695
0.65  18.5911
0.65  18.5066
0.65  18.4277
0.65  18.1845
0.65  18.1536
0.65  18.0527
0.65  18.0117
0.65  17.9068
0.65  17.6531
0.65  17.6345
0.65  17.5973
0.65  17.4016
0.65  17.3294
0.65  17.1611
0.65  17.0491
0.65  16.8534
0.65  16.8099
0.65  16.6975
0.65  16.6555
0.65  16.4554
0.65  16.3868
0.65  16.2109
0.65  16.0283
0.65  15.9042
0.65  15.816
0.65  15.8408
0.65  15.7294
0.65  15.6025
0.65  15.5659
0.65  15.4272
0.65  15.3609
0.65  15.2898
0.65  15.1688
0.65  15.0865
0.65  15.035
0.65  14.9922
0.65  14.9245
0.65  14.8944
0.65  14.8229
0.65  14.6807
0.65  14.6555
0.65  14.5755
0.65  14.4197
0.65  14.3902
0.65  14.2056
0.65  14.0331
0.65  13.9829
0.65  13.8965
0.65  1.00971
0.65  1.50872
0.65  1.6512
0.65  1.94883
0.65  2.08613
0.65  13.6484
0.65  2.30853
0.65  2.37746
0.65  13.6201
0.65  2.95386
0.65  3.14147
0.65  3.2084
0.65  3.42398
0.65  3.83663
0.65  3.88765
0.65  3.96864
0.65  3.987
0.65  4.28054
0.65  4.50053
0.65  4.68082
0.65  4.7249
0.65  4.87949
0.65  5.16953
0.65  5.1305
0.65  5.32946
0.65  5.51363
0.65  5.63385
0.65  5.81268
0.65  5.70015
0.65  5.97944
0.65  6.09408
0.65  6.39608
0.65  6.57795
0.65  6.73353
0.65  6.78013
0.65  6.86756
0.65  7.03283
0.65  7.21164
0.65  7.29574
0.65  7.33877
0.65  7.58158
0.65  13.481
0.65  7.66934
0.65  7.76043
0.65  13.3592
0.65  13.281
0.65  13.2533
0.65  8.05247
0.65  8.2009
0.65  8.34033
0.65  8.46404
0.65  8.41395
0.65  8.59785
0.65  8.70419
0.65  8.86947
0.65  8.91873
0.65  9.00857
0.65  9.12173
0.65  9.21251
0.65  13.0728
0.65  13.063
0.65  9.39584
0.65  9.57433
0.65  12.9163
0.65  12.9009
0.65  9.82865
0.65  9.98676
0.65  12.7178
0.65  10.1143
0.65  10.2775
0.65  10.4081
0.65  10.5146
0.65  12.3384
0.65  12.2476
0.65  12.1543
0.65  10.6448
0.65  12.0648
0.65  12.0279
0.65  10.7086
0.65  10.8253
0.65  11.9051
0.65  10.9861
0.65  11.7869
0.65  11.6088
0.65  11.563
0.65  11.4652
0.65  11.4291
0.65  11.3894
0.65  12.5787
0.65  11.1512
0.65  12.5542
0.65  11.1632
0.65  12.4779
0.65  11.2249
0.7  65.3465
0.7  64.0262
0.7  54.1712
0.7  52.4453
0.7  51.802
0.7  50.094
0.7  48.3449
0.7  46.1743
0.7  45.6065
0.7  44.8899
0.7  43.5843
0.7  43.4826
0.7  42.4859
0.7  41.3108
0.7  40.0076
0.7  39.3538
0.7  38.879
0.7  38.6093
0.7  37.9334
0.7  36.6627
0.7  36.1506
0.7  35.8661
0.7  35.7126
0.7  35.2155
0.7  35.1946
0.7  34.1793
0.7  33.9168
0.7  33.8316
0.7  33.033
0.7  32.5638
0.7  32.4865
0.7  32.2654
0.7  32.1517
0.7  32.0591
0.7  31.121
0.7  31.0028
0.7  30.7421
0.7  30.1894
0.7  29.6875
0.7  29.6336
0.7  29.4639
0.7  29.2659
0.7  29.1939
0.7  29.0388
0.7  28.8739
0.7  28.5605
0.7  28.4874
0.7  28.2895
0.7  28.0891
0.7  27.9658
0.7  27.8552
0.7  27.7627
0.7  27.6529
0.7  27.4174
0.7  27.3753
0.7  27.1705
0.7  27.1417
0.7  26.9886
0.7  26.9451
0.7  26.7509
0.7  26.5306
0.7  26.3727
0.7  26.2169
0.7  25.9916
0.7  25.8131
0.7  25.7665
0.7  25.6229
0.7  25.4448
0.7  25.099
0.7  24.6847
0.7  24.6498
0.7  24.6696
0.7  24.5328
0.7  24.2318
0.7  24.1917
0.7  24.1139
0.7  23.8797
0.7  23.7959
0.7  23.7211
0.7  23.6362
0.7  23.4656
0.7  23.4091
0.7  23.0811
0.7  23.1011
0.7  22.9148
0.7  22.6584
0.7  22.5418
0.7  22.4405
0.7  22.4163
0.7  22.25
0.7  22.2196
0.7  22.1342
0.7  21.8196
0.7  21.8035
0.7  21.5002
0.7  21.4646
0.7  21.315
0.7  21.234
0.7  21.1034
0.7  20.9926
0.7  20.729
0.7  20.5451
0.7  20.4211
0.7  20.2734
0.7  20.2223
0.7  20.0727
0.7  19.9598
0.7  19.8918
0.7  19.4939
0.7  19.4059
0.7  19.1885
0.7  19.155
0.7  18.7499
0.7  18.6849
0.7  18.5899
0.7  18.5131
0.7  18.4303
0.7  18.1791
0.7  18.1351
0.7  18.0285
0.7  17.9816
0.7  17.9009
0.7  17.67
0.7  17.643
0.7  17.6032
0.7  17.3912
0.7  17.3506
0.7  17.1322
0.7  17.0607
0.7  16.8521
0.7  16.8076
0.7  16.7363
0.7  16.6783
0.7  16.4707
0.7  16.3934
0.7  16.2147
0.7  15.9738
0.7  15.9017
0.7  15.8551
0.7  15.8167
0.7  15.7318
0.7  15.6142
0.7  15.5595
0.7  15.4494
0.7  15.3431
0.7  15.2996
0.7  15.1733
0.7  15.0951
0.7  15.0472
0.7  14.9981
0.7  14.9354
0.7  14.8919
0.7  14.8075
0.7  14.6825
0.7  14.6546
0.7  14.5988
0.7  14.4324
0.7  14.3745
0.7  14.2071
0.7  14.0476
0.7  13.9813
0.7  13.8677
0.7  1.01148
0.7  1.5185
0.7  1.64806
0.7  1.95292
0.7  2.09217
0.7  2.30753
0.7  2.36429
0.7  2.96053
0.7  3.14247
0.7  3.22068
0.7  3.40889
0.7  3.81867
0.7  3.89628
0.7  3.94653
0.7  3.98232
0.7  4.28439
0.7  4.49697
0.7  4.71653
0.7  4.66835
0.7  4.87041
0.7  5.10444
0.7  5.17153
0.7  5.32739
0.7  5.51904
0.7  5.62539
0.7  5.68969
0.7  5.81188
0.7  5.97539
0.7  6.08719
0.7  13.6787
0.7  6.40883
0.7  6.5372
0.7  6.74077
0.7  6.80042
0.7  6.86963
0.7  13.6171
0.7  7.02358
0.7  7.22514
0.7  7.28342
0.7  7.33993
0.7  7.57642
0.7  7.63304
0.7  13.4743
0.7  7.77665
0.7  13.3443
0.7  8.05951
0.7  13.2886
0.7  8.18885
0.7  13.2429
0.7  8.34644
0.7  8.4243
0.7  8.47196
0.7  8.62465
0.7  8.7128
0.7  8.87152
0.7  13.0819
0.7  8.90535
0.7  13.068
0.7  9.01706
0.7  9.13076
0.7  12.9266
0.7  9.2523
0.7  12.7734
0.7  9.39968
0.7  9.59459
0.7  12.5711
0.7  12.553
0.7  9.81965
0.7  12.4816
0.7  9.96309
0.7  12.3389
0.7  10.1029
0.7  12.2493
0.7  10.2571
0.7  10.3775
0.7  12.1599
0.7  10.5054
0.7  12.053
0.7  12.0139
0.7  10.6454
0.7  11.9007
0.7  10.7226
0.7  10.8581
0.7  11.7815
0.7  10.9859
0.7  11.6257
0.7  11.5321
0.7  11.4582
0.7  11.4296
0.7  11.3421
0.7  11.1324
0.7  11.1634
0.7  11.223
0.7  12.9085
0.75  65.3448
0.75  64.0261
0.75  54.1544
0.75  52.4367
0.75  51.8057
0.75  50.0803
0.75  48.3414
0.75  46.139
0.75  45.4646
0.75  44.89
0.75  43.5838
0.75  43.3803
0.75  42.4496
0.75  41.2923
0.75  39.6473
0.75  39.3547
0.75  38.8794
0.75  38.4086
0.75  37.6369
0.75  36.6622
0.75  36.1136
0.75  35.8678
0.75  35.3808
0.75  35.1533
0.75  35.1959
0.75  34.2019
0.75  33.8131
0.75  33.9206
0.75  33.0234
0.75  32.5605
0.75  32.4927
0.75  32.2355
0.75  32.1601
0.75  32.0727
0.75  31.042
0.75  30.9093
0.75  30.715
0.75  30.0816
0.75  29.6948
0.75  29.6393
0.75  29.4791
0.75  29.2887
0.75  29.2003
0.75  29.0584
0.75  28.8372
0.75  28.5697
0.75  28.5048
0.75  28.2893
0.75  28.0554
0.75  27.9726
0.75  27.8549
0.75  27.7616
0.75  27.6351
0.75  27.4123
0.75  27.3742
0.75  27.1677
0.75  27.1392
0.75  27.0361
0.75  26.9317
0.75  26.7295
0.75  26.5492
0.75  26.3427
0.75  26.2143
0.75  25.9345
0.75  25.8113
0.75  25.7642
0.75  25.5884
0.75  25.4437
0.75  25.0931
0.75  24.6876
0.75  24.6678
0.75  24.6512
0.75  24.5176
0.75  24.2126
0.75  24.1703
0.75  24.1148
0.75  23.8401
0.75  23.7916
0.75  23.712
0.75  23.6359
0.75  23.4578
0.75  23.3959
0.75  23.1011
0.75  23.104
0.75  22.9051
0.75  22.6141
0.75  22.5375
0.75  22.448
0.75  22.3895
0.75  22.2617
0.75  22.197
0.75  22.1315
0.75  21.7929
0.75  21.7749
0.75  21.5032
0.75  21.4061
0.75  21.3118
0.75  21.1983
0.75  21.1024
0.75  20.9477
0.75  20.672
0.75  20.5046
0.75  20.3824
0.75  20.2604
0.75  20.1858
0.75  20.0215
0.75  19.9649
0.75  19.8731
0.75  19.4777
0.75  19.4004
0.75  19.1886
0.75  19.1545
0.75  18.7528
0.75  18.6766
0.75  18.5918
0.75  18.5119
0.75  18.4235
0.75  18.1818
0.75  18.1353
0.75  18.0193
0.75  17.9352
0.75  17.8849
0.75  17.7023
0.75  17.6447
0.75  17.6053
0.75  17.3928
0.75  17.3669
0.75  17.1245
0.75  17.0748
0.75  16.8612
0.75  16.7934
0.75  16.7539
0.75  16.6866
0.75  16.518
0.75  16.3676
0.75  16.2154
0.75  15.9264
0.75  15.8909
0.75  15.8759
0.75  15.8111
0.75  15.7326
0.75  15.6271
0.75  15.5416
0.75  15.4563
0.75  15.3251
0.75  15.3133
0.75  15.1778
0.75  15.1026
0.75  15.0492
0.75  14.9919
0.75  14.9464
0.75  14.8779
0.75  14.7978
0.75  14.6781
0.75  14.6433
0.75  14.6107
0.75  14.4408
0.75  14.3543
0.75  14.2057
0.75  14.077
0.75  13.9776
0.75  13.8466
0.75  13.6938
0.75  13.6125
0.75  1.01323
0.75  1.52847
0.75  1.6426
0.75  1.95647
0.75  2.09732
0.75  2.34915
0.75  2.30467
0.75  2.96607
0.75  3.14071
0.75  3.23667
0.75  3.39056
0.75  3.7862
0.75  3.89896
0.75  3.92118
0.75  3.98161
0.75  4.28365
0.75  4.49281
0.75  4.71109
0.75  4.65076
0.75  4.85398
0.75  5.06859
0.75  5.17308
0.75  5.32663
0.75  5.52595
0.75  5.67949
0.75  5.61282
0.75  5.81103
0.75  5.97019
0.75  6.07881
0.75  13.4704
0.75  6.41723
0.75  6.49368
0.75  6.72461
0.75  6.82394
0.75  6.878
0.75  7.00684
0.75  7.22747
0.75  7.34261
0.75  7.28355
0.75  13.3317
0.75  7.55925
0.75  7.59438
0.75  13.2917
0.75  7.79777
0.75  13.2194
0.75  8.0667
0.75  8.17683
0.75  8.34118
0.75  8.42668
0.75  8.47772
0.75  8.64577
0.75  8.72101
0.75  8.86821
0.75  8.8914
0.75  9.12481
0.75  9.0195
0.75  13.0932
0.75  13.0797
0.75  9.29699
0.75  12.8288
0.75  9.40797
0.75  12.9103
0.75  9.604
0.75  12.5684
0.75  12.5518
0.75  9.81321
0.75  12.4737
0.75  9.93018
0.75  12.3393
0.75  10.0904
0.75  12.2558
0.75  10.2254
0.75  10.3516
0.75  12.1526
0.75  10.4977
0.75  12.0485
0.75  11.9916
0.75  10.6389
0.75  11.8974
0.75  10.7353
0.75  11.7723
0.75  10.8936
0.75  11.6445
0.75  10.9818
0.75  11.512
0.75  11.4096
0.75  11.462
0.75  11.2868
0.75  11.118
0.75  11.1617
0.75  12.9375
0.75  11.2134
0.8  65.3434
0.8  64.026
0.8  54.1411
0.8  52.4303
0.8  51.8098
0.8  50.0684
0.8  48.3389
0.8  46.1222
0.8  45.361
0.8  44.8904
0.8  43.5836
0.8  43.3097
0.8  42.4187
0.8  41.2811
0.8  39.4319
0.8  39.3557
0.8  38.8798
0.8  38.3285
0.8  37.3542
0.8  36.662
0.8  36.0874
0.8  35.8716
0.8  35.3676
0.8  35.1955
0.8  34.672
0.8  34.2227
0.8  33.92
0.8  33.7797
0.8  33.0123
0.8  32.559
0.8  32.5044
0.8  32.2105
0.8  32.0858
0.8  32.1403
0.8  31.0522
0.8  30.8802
0.8  30.6756
0.8  29.97
0.8  29.7108
0.8  29.6432
0.8  29.4809
0.8  29.2966
0.8  29.1853
0.8  29.0801
0.8  28.8012
0.8  28.6097
0.8  28.4815
0.8  28.2857
0.8  28.0189
0.8  27.974
0.8  27.8549
0.8  27.7577
0.8  27.6166
0.8  27.4064
0.8  27.3733
0.8  27.1902
0.8  27.1614
0.8  27.06
0.8  26.9182
0.8  26.7101
0.8  26.545
0.8  26.3305
0.8  26.2291
0.8  25.8711
0.8  25.7632
0.8  25.8049
0.8  25.555
0.8  25.4406
0.8  25.093
0.8  24.6762
0.8  24.6459
0.8  24.6593
0.8  24.4951
0.8  24.2108
0.8  24.121
0.8  24.1335
0.8  23.8049
0.8  23.7881
0.8  23.6967
0.8  23.6356
0.8  23.4746
0.8  23.4335
0.8  23.0999
0.8  23.114
0.8  22.888
0.8  22.5835
0.8  22.5199
0.8  22.4442
0.8  22.2606
0.8  22.3697
0.8  22.1697
0.8  22.119
0.8  21.7632
0.8  21.7198
0.8  21.5067
0.8  21.369
0.8  21.3084
0.8  21.1452
0.8  21.1029
0.8  20.8956
0.8  20.6164
0.8  20.4859
0.8  20.3683
0.8  20.2576
0.8  20.1372
0.8  20.0621
0.8  19.9329
0.8  19.7594
0.8  19.4593
0.8  19.3893
0.8  19.1905
0.8  19.1547
0.8  18.7568
0.8  18.6703
0.8  18.5962
0.8  18.5051
0.8  18.4117
0.8  18.2099
0.8  18.1185
0.8  18.0182
0.8  17.9701
0.8  17.8287
0.8  17.708
0.8  17.6472
0.8  17.604
0.8  17.3791
0.8  17.399
0.8  17.1619
0.8  17.0921
0.8  16.8601
0.8  16.7892
0.8  16.7512
0.8  16.6703
0.8  16.5364
0.8  16.3396
0.8  16.2114
0.8  15.9294
0.8  15.9007
0.8  15.8318
0.8  15.8009
0.8  15.735
0.8  15.6426
0.8  15.5186
0.8  15.4366
0.8  15.3329
0.8  15.3046
0.8  15.1685
0.8  15.1031
0.8  15.0436
0.8  14.9762
0.8  14.9527
0.8  14.8508
0.8  14.7918
0.8  14.6682
0.8  14.6265
0.8  14.5969
0.8  14.4455
0.8  14.3295
0.8  14.2023
0.8  14.1166
0.8  13.9713
0.8  13.8352
0.8  13.6831
0.8  13.6069
0.8  13.4704
0.8  13.3255
0.8  13.2846
0.8  13.1879
0.8  13.1142
0.8  13.0922
0.8  1.01494
0.8  1.53852
0.8  1.63444
0.8  1.95929
0.8  2.1011
0.8  2.29684
0.8  2.33497
0.8  2.96769
0.8  3.13437
0.8  3.25547
0.8  3.3705
0.8  3.73466
0.8  3.98151
0.8  3.89475
0.8  3.90091
0.8  4.27784
0.8  4.48802
0.8  4.63091
0.8  4.70745
0.8  4.82931
0.8  5.02474
0.8  5.17149
0.8  5.32676
0.8  5.53443
0.8  5.5978
0.8  5.66681
0.8  5.81009
0.8  5.96348
0.8  6.0697
0.8  12.9395
0.8  12.9109
0.8  6.40511
0.8  12.8728
0.8  6.46235
0.8  6.69948
0.8  6.88818
0.8  6.83226
0.8  6.98645
0.8  7.20919
0.8  7.2959
0.8  7.35039
0.8  7.51938
0.8  7.57157
0.8  7.81806
0.8  8.07374
0.8  8.16539
0.8  8.32459
0.8  8.41988
0.8  8.47603
0.8  8.65894
0.8  8.72556
0.8  8.85325
0.8  8.88497
0.8  9.00447
0.8  12.5714
0.8  9.10403
0.8  12.5511
0.8  12.4581
0.8  9.33569
0.8  12.3389
0.8  9.4203
0.8  9.58187
0.8  12.2641
0.8  9.80755
0.8  9.90161
0.8  10.078
0.8  12.1355
0.8  10.1808
0.8  12.0443
0.8  10.3363
0.8  11.9705
0.8  10.492
0.8  11.8964
0.8  10.6248
0.8  11.7582
0.8  10.7459
0.8  11.6587
0.8  10.9234
0.8  11.4993
0.8  10.9731
0.8  11.4641
0.8  11.3786
0.8  11.1098
0.8  11.1587
0.8  11.1789
0.8  11.2574
0.85  65.3423
0.85  64.026
0.85  54.1311
0.85  52.4258
0.85  51.814
0.85  50.0588
0.85  48.3372
0.85  46.1132
0.85  45.29
0.85  44.8911
0.85  43.5836
0.85  43.2624
0.85  42.3947
0.85  41.2742
0.85  39.3068
0.85  39.3584
0.85  38.8795
0.85  38.296
0.85  37.1789
0.85  36.6619
0.85  36.0669
0.85  35.8761
0.85  35.447
0.85  35.1956
0.85  34.3299
0.85  34.1623
0.85  33.9129
0.85  33.6859
0.85  33.0022
0.85  32.5633
0.85  32.5264
0.85  32.2357
0.85  32.1146
0.85  32.0336
0.85  31.2028
0.85  30.8479
0.85  30.675
0.85  29.8843
0.85  29.7184
0.85  29.6442
0.85  29.4677
0.85  29.2752
0.85  29.1218
0.85  29.1052
0.85  28.764
0.85  28.6247
0.85  28.4776
0.85  28.2795
0.85  28.0167
0.85  27.9446
0.85  27.8558
0.85  27.7422
0.85  27.6015
0.85  27.4003
0.85  27.3729
0.85  27.2742
0.85  27.1614
0.85  27.0598
0.85  26.9089
0.85  26.6991
0.85  26.5279
0.85  26.3432
0.85  26.2608
0.85  25.8307
0.85  25.7615
0.85  25.7804
0.85  25.528
0.85  25.4353
0.85  25.0959
0.85  24.6726
0.85  24.6536
0.85  24.6229
0.85  24.4421
0.85  24.2094
0.85  24.1317
0.85  24.1011
0.85  23.7861
0.85  23.779
0.85  23.6743
0.85  23.6382
0.85  23.5677
0.85  23.4567
0.85  23.1187
0.85  23.095
0.85  22.864
0.85  22.5599
0.85  22.4984
0.85  22.4235
0.85  22.357
0.85  22.2525
0.85  22.1477
0.85  22.086
0.85  21.7312
0.85  21.6525
0.85  21.5107
0.85  21.3493
0.85  21.3052
0.85  21.1167
0.85  21.0789
0.85  20.8424
0.85  20.5749
0.85  20.4685
0.85  20.3823
0.85  20.2557
0.85  20.1157
0.85  20.094
0.85  19.895
0.85  19.6375
0.85  19.4292
0.85  19.368
0.85  19.196
0.85  19.1502
0.85  18.7631
0.85  18.6669
0.85  18.6013
0.85  18.4935
0.85  18.4003
0.85  18.2523
0.85  18.1029
0.85  18.0449
0.85  18.0128
0.85  17.8187
0.85  17.6655
0.85  17.6491
0.85  17.5757
0.85  17.4078
0.85  17.3783
0.85  17.2134
0.85  17.1098
0.85  16.8601
0.85  16.8223
0.85  16.7459
0.85  16.6221
0.85  16.5058
0.85  16.3162
0.85  16.2014
0.85  15.9501
0.85  15.8983
0.85  15.8148
0.85  15.7657
0.85  15.739
0.85  15.6578
0.85  15.4989
0.85  15.4047
0.85  15.3431
0.85  15.2905
0.85  15.1397
0.85  15.0952
0.85  15.0376
0.85  14.9585
0.85  14.9469
0.85  14.8387
0.85  14.7494
0.85  14.6538
0.85  14.6071
0.85  14.5519
0.85  14.4471
0.85  14.3021
0.85  14.196
0.85  14.1517
0.85  13.9627
0.85  1.01655
0.85  1.5485
0.85  1.62293
0.85  1.96075
0.85  2.10305
0.85  2.27981
0.85  2.32634
0.85  13.8202
0.85  2.96097
0.85  3.1219
0.85  3.27232
0.85  3.35388
0.85  13.6574
0.85  3.66438
0.85  3.87872
0.85  3.89299
0.85  3.98157
0.85  13.5998
0.85  4.26728
0.85  4.48245
0.85  4.61106
0.85  4.70397
0.85  4.79612
0.85  4.97531
0.85  5.16598
0.85  5.32781
0.85  5.54364
0.85  5.58189
0.85  5.64985
0.85  5.80898
0.85  5.95496
0.85  6.06044
0.85  6.35184
0.85  6.46368
0.85  6.66534
0.85  6.82111
0.85  6.89334
0.85  6.97004
0.85  7.17971
0.85  7.30091
0.85  7.36806
0.85  7.47308
0.85  13.4746
0.85  7.55564
0.85  13.3215
0.85  13.2721
0.85  13.1787
0.85  13.1223
0.85  13.0927
0.85  12.9328
0.85  12.9123
0.85  12.9027
0.85  7.8319
0.85  8.08015
0.85  8.15427
0.85  8.29104
0.85  8.40313
0.85  8.46652
0.85  8.6598
0.85  8.72559
0.85  8.83037
0.85  8.87985
0.85  12.5808
0.85  8.97515
0.85  12.5509
0.85  9.06589
0.85  12.4367
0.85  9.34602
0.85  12.3362
0.85  9.44011
0.85  9.53078
0.85  12.2712
0.85  9.79077
0.85  9.89749
0.85  10.065
0.85  12.1133
0.85  10.1272
0.85  10.3321
0.85  12.0381
0.85  11.9549
0.85  10.4881
0.85  11.8983
0.85  10.5998
0.85  11.7428
0.85  10.7539
0.85  11.6609
0.85  11.4965
0.85  11.4481
0.85  10.9275
0.85  10.9696
0.85  11.3453
0.85  11.2516
0.85  11.1059
0.85  11.1429
0.85  11.1564
0.9  65.3415
0.9  64.026
0.9  54.1242
0.9  52.4228
0.9  51.8179
0.9  50.0517
0.9  48.3361
0.9  46.1083
0.9  45.2443
0.9  44.8918
0.9  43.5836
0.9  43.2319
0.9  42.3782
0.9  41.2701
0.9  39.3605
0.9  39.2405
0.9  38.8783
0.9  38.2827
0.9  37.0828
0.9  36.6623
0.9  36.0498
0.9  35.8811
0.9  35.5581
0.9  35.1957
0.9  34.333
0.9  34.0377
0.9  33.9025
0.9  33.5007
0.9  32.9937
0.9  32.6017
0.9  32.5438
0.9  32.2817
0.9  32.1268
0.9  31.9165
0.9  31.4303
0.9  30.8095
0.9  30.6849
0.9  29.8402
0.9  29.7153
0.9  29.6463
0.9  29.464
0.9  29.2589
0.9  29.1363
0.9  29.012
0.9  28.7203
0.9  28.6163
0.9  28.4992
0.9  28.2718
0.9  28.0344
0.9  27.9207
0.9  27.8565
0.9  27.7078
0.9  27.5941
0.9  27.3955
0.9  27.3744
0.9  27.3515
0.9  27.1612
0.9  27.0576
0.9  26.9075
0.9  26.6966
0.9  26.5251
0.9  26.3768
0.9  26.286
0.9  25.821
0.9  25.7771
0.9  25.7214
0.9  25.5142
0.9  25.4312
0.9  25.1018
0.9  24.6738
0.9  24.6629
0.9  24.6032
0.9  24.3698
0.9  24.2022
0.9  24.1291
0.9  24.0708
0.9  23.7843
0.9  23.7647
0.9  23.7199
0.9  23.6516
0.9  23.6127
0.9  23.4666
0.9  23.1267
0.9  23.0901
0.9  22.8402
0.9  22.541
0.9  22.4864
0.9  22.3504
0.9  22.3943
0.9  22.2459
0.9  22.1262
0.9  22.031
0.9  21.6979
0.9  21.5918
0.9  21.5152
0.9  21.3412
0.9  21.2996
0.9  21.1208
0.9  21.0418
0.9  20.7959
0.9  20.5819
0.9  20.4483
0.9  20.3804
0.9  20.2537
0.9  20.1532
0.9  20.0734
0.9  19.8561
0.9  19.5814
0.9  19.3878
0.9  19.3272
0.9  19.2069
0.9  19.1311
0.9  18.7721
0.9  18.6697
0.9  18.6032
0.9  18.481
0.9  18.3901
0.9  18.3002
0.9  18.14
0.9  18.0672
0.9  18.0135
0.9  17.8214
0.9  17.6506
0.9  17.6476
0.9  17.5108
0.9  17.4233
0.9  17.351
0.9  17.1199
0.9  17.2418
0.9  16.8757
0.9  16.8629
0.9  16.7392
0.9  16.572
0.9  16.4588
0.9  16.3013
0.9  16.1844
0.9  15.9676
0.9  15.8919
0.9  15.8139
0.9  15.7412
0.9  15.7468
0.9  15.6589
0.9  15.4804
0.9  15.4022
0.9  15.3312
0.9  15.2811
0.9  15.108
0.9  15.0807
0.9  15.0333
0.9  14.9555
0.9  14.9207
0.9  14.8461
0.9  14.6855
0.9  14.6351
0.9  14.5051
0.9  14.5467
0.9  14.4445
0.9  14.2785
0.9  14.186
0.9  14.1645
0.9  13.9563
0.9  13.7869
0.9  13.6294
0.9  13.593
0.9  13.4829
0.9  13.3169
0.9  13.2619
0.9  13.2012
0.9  13.1065
0.9  13.0679
0.9  12.9321
0.9  12.9184
0.9  12.9061
0.9  1.01798
0.9  1.60722
0.9  1.55802
0.9  1.95932
0.9  2.10251
0.9  2.25548
0.9  2.32267
0.9  2.93899
0.9  3.10353
0.9  3.27584
0.9  3.34977
0.9  3.58259
0.9  3.86348
0.9  3.88569
0.9  3.98169
0.9  4.25341
0.9  4.47611
0.9  4.5913
0.9  4.75721
0.9  4.69806
0.9  4.9233
0.9  5.1567
0.9  5.32995
0.9  5.56755
0.9  5.54992
0.9  5.63015
0.9  5.80763
0.9  5.94448
0.9  6.05124
0.9  6.28042
0.9  6.47527
0.9  6.61796
0.9  6.79755
0.9  6.96741
0.9  6.87887
0.9  7.14717
0.9  7.29234
0.9  7.43397
0.9  7.39209
0.9  7.54011
0.9  12.5944
0.9  7.82994
0.9  12.5506
0.9  8.08376
0.9  8.1416
0.9  8.23723
0.9  8.37773
0.9  8.45526
0.9  8.63875
0.9  8.72635
0.9  8.79577
0.9  8.87291
0.9  9.01915
0.9  8.9501
0.9  12.414
0.9  9.2976
0.9  12.3286
0.9  9.50103
0.9  12.2762
0.9  9.45815
0.9  9.76246
0.9  12.0901
0.9  9.9085
0.9  12.0293
0.9  10.037
0.9  10.082
0.9  11.9444
0.9  11.9014
0.9  10.3365
0.9  10.563
0.9  10.4853
0.9  11.7323
0.9  11.6498
0.9  10.7585
0.9  11.4977
0.9  10.9039
0.9  11.4117
0.9  10.9644
0.9  11.3184
0.9  11.2516
0.9  11.1051
0.9  11.1318
0.9  11.1594
0.95  64.026
0.95  65.3411
0.95  54.1201
0.95  52.4212
0.95  51.8211
0.95  50.0473
0.95  48.3354
0.95  46.1056
0.95  45.2188
0.95  44.8923
0.95  43.5837
0.95  43.2142
0.95  42.3687
0.95  41.268
0.95  39.3636
0.95  39.2124
0.95  38.8764
0.95  38.2788
0.95  37.0353
0.95  36.6632
0.95  36.033
0.95  35.8875
0.95  35.6856
0.95  35.1956
0.95  34.3714
0.95  34.0162
0.95  33.8977
0.95  33.3642
0.95  32.9853
0.95  32.6879
0.95  32.5467
0.95  32.3304
0.95  32.138
0.95  31.8156
0.95  31.6298
0.95  30.7908
0.95  30.6823
0.95  29.8224
0.95  29.7126
0.95  29.6496
0.95  29.4733
0.95  29.253
0.95  29.1727
0.95  28.9349
0.95  28.6766
0.95  28.5847
0.95  28.545
0.95  28.2644
0.95  28.0572
0.95  27.9288
0.95  27.8541
0.95  27.674
0.95  27.5996
0.95  27.396
0.95  27.3883
0.95  27.3694
0.95  27.162
0.95  27.0577
0.95  26.9136
0.95  26.7017
0.95  26.5511
0.95  26.413
0.95  26.2897
0.95  25.7823
0.95  25.8177
0.95  25.6829
0.95  25.5133
0.95  25.4325
0.95  25.1194
0.95  24.6957
0.95  24.6691
0.95  24.588
0.95  24.3586
0.95  24.203
0.95  24.1009
0.95  23.9939
0.95  23.8371
0.95  23.781
0.95  23.7534
0.95  23.643
0.95  23.5902
0.95  23.4731
0.95  23.1366
0.95  23.0863
0.95  22.8208
0.95  22.5265
0.95  22.4804
0.95  22.3784
0.95  22.3459
0.95  22.2444
0.95  22.1155
0.95  21.9562
0.95  21.6706
0.95  21.5532
0.95  21.514
0.95  21.3438
0.95  21.2883
0.95  21.1288
0.95  21.0267
0.95  20.7642
0.95  20.6222
0.95  20.4543
0.95  20.3353
0.95  20.2521
0.95  20.1714
0.95  20.0697
0.95  19.8243
0.95  19.5803
0.95  19.3719
0.95  19.3043
0.95  19.2147
0.95  19.0791
0.95  18.782
0.95  18.6785
0.95  18.6
0.95  18.4746
0.95  18.3797
0.95  18.3405
0.95  18.1785
0.95  18.0781
0.95  18.0119
0.95  17.815
0.95  17.6449
0.95  17.6519
0.95  17.485
0.95  17.4147
0.95  17.3393
0.95  17.2091
0.95  17.1116
0.95  16.9328
0.95  16.8611
0.95  16.7286
0.95  16.539
0.95  16.4296
0.95  16.2956
0.95  16.1604
0.95  15.9878
0.95  15.8844
0.95  15.8151
0.95  15.7547
0.95  15.7422
0.95  15.6387
0.95  15.4662
0.95  15.4095
0.95  15.3227
0.95  15.282
0.95  15.0947
0.95  15.0599
0.95  15.0303
0.95  14.9646
0.95  14.8974
0.95  14.853
0.95  14.6639
0.95  14.5979
0.95  14.4713
0.95  14.4688
0.95  14.4211
0.95  14.2712
0.95  14.1704
0.95  14.1486
0.95  13.9597
0.95  13.7308
0.95  13.6076
0.95  13.5911
0.95  13.4879
0.95  13.3165
0.95  13.2577
0.95  13.2043
0.95  13.0996
0.95  1.01918
0.95  1.58721
0.95  1.56532
0.95  1.95218
0.95  2.09859
0.95  2.22969
0.95  13.028
0.95  2.32104
0.95  2.89417
0.95  3.08115
0.95  3.26026
0.95  3.34642
0.95  3.51359
0.95  3.85161
0.95  3.87801
0.95  3.98194
0.95  4.23904
0.95  4.4697
0.95  4.56818
0.95  4.72569
0.95  4.68326
0.95  4.87185
0.95  5.144
0.95  5.33331
0.95  5.54165
0.95  5.61691
0.95  5.56248
0.95  5.80589
0.95  5.93194
0.95  6.04189
0.95  6.20047
0.95  6.48444
0.95  6.56066
0.95  6.77038
0.95  6.84634
0.95  6.9732
0.95  7.12044
0.95  7.27003
0.95  7.52534
0.95  7.40739
0.95  7.41668
0.95  12.9481
0.95  12.9132
0.95  12.8923
0.95  7.80331
0.95  8.07399
0.95  8.12837
0.95  8.19123
0.95  8.34813
0.95  12.6079
0.95  8.44551
0.95  12.5502
0.95  8.59403
0.95  8.76236
0.95  8.7301
0.95  8.86475
0.95  8.93919
0.95  8.98198
0.95  9.20289
0.95  12.3933
0.95  9.455
0.95  9.50701
0.95  12.3169
0.95  12.2815
0.95  9.73353
0.95  9.97743
0.95  9.91362
0.95  10.068
0.95  12.0698
0.95  12.0178
0.95  10.3457
0.95  11.9356
0.95  10.4796
0.95  11.9044
0.95  10.5236
0.95  11.7277
0.95  10.7576
0.95  11.6367
0.95  11.4968
0.95  10.8769
0.95  10.9481
0.95  11.3567
0.95  11.3048
0.95  11.2538
0.95  11.1057
0.95  11.1317
0.95  11.1751
1  64.0259
1  65.3409
1  54.1187
1  52.4206
1  51.8232
1  50.0459
1  48.3351
1  46.1045
1  45.2109
1  44.8926
1  43.5838
1  43.2078
1  42.3661
1  41.2675
1  39.3679
1  39.2106
1  38.8745
1  38.2799
1  37.0216
1  36.6645
1  36.0092
1  35.8999
1  35.7996
1  35.1952
1  34.4123
1  34.0292
1  33.8958
1  33.3355
1  32.9752
1  32.7805
1  32.5471
1  32.3721
1  32.1472
1  31.7805
1  31.7445
1  30.7993
1  30.6746
1  29.8265
1  29.7138
1  29.6525
1  29.4977
1  29.2554
1  29.2107
1  28.9176
1  28.6672
1  28.5948
1  28.5339
1  28.2592
1  28.0814
1  27.964
1  27.8506
1  27.6795
1  27.6056
1  27.3962
1  27.3737
1  27.3654
1  27.1644
1  27.06
1  26.9203
1  26.7185
1  26.5856
1  26.4495
1  26.2824
1  25.7854
1  25.8154
1  25.6628
1  25.5192
1  25.4395
1  25.1517
1  24.7299
1  24.6695
1  24.574
1  24.3941
1  24.2088
1  24.0924
1  23.9298
1  23.8612
1  23.7784
1  23.7464
1  23.6403
1  23.5494
1  23.4729
1  23.1469
1  23.0831
1  22.8069
1  22.5174
1  22.4772
1  22.3783
1  22.3447
1  22.2457
1  22.1265
1  21.8728
1  21.6634
1  21.5468
1  21.4948
1  21.3485
1  21.2752
1  21.1376
1  21.0258
1  20.7501
1  20.6545
1  20.4644
1  20.2927
1  20.25
1  20.1844
1  20.0757
1  19.7969
1  19.6102
1  19.3779
1  19.3318
1  19.2113
1  19.0032
1  18.7894
1  18.6861
1  18.5954
1  18.4728
1  18.3831
1  18.3529
1  18.19
1  18.1139
1  18.0096
1  17.8
1  17.6566
1  17.6434
1  17.4905
1  17.3879
1  17.3503
1  17.1555
1  17.0813
1  16.9866
1  16.8499
1  16.7125
1  16.5275
1  16.4295
1  16.2947
1  16.1329
1  16.0211
1  15.8773
1  15.8171
1  15.7674
1  15.741
1  15.6083
1  15.4663
1  15.4023
1  15.345
1  15.282
1  15.0923
1  15.052
1  15.0267
1  14.9877
1  14.8861
1  14.8574
1  14.6615
1  14.5815
1  14.4568
1  14.4458
1  14.3462
1  14.2929
1  14.1427
1  14.1156
1  13.9709
1  13.68
1  13.6109
1  13.5718
1  13.4776
1  13.328
1  13.2579
1  1.02009
1  1.55056
1  1.58006
1  1.93517
1  2.09037
1  2.20828
1  2.32004
1  2.82531
1  3.04942
1  3.22
1  3.31696
1  3.5006
1  3.84348
1  3.87233
1  3.98246
1  4.22818
1  4.46423
1  4.53869
1  4.66209
1  4.71247
1  4.82394
1  13.1855
1  5.12807
1  5.33733
1  5.52347
1  5.61835
1  5.56534
1  5.80349
1  5.91603
1  6.03107
1  6.11771
1  6.44817
1  6.54221
1  6.74899
1  6.80602
1  6.97792
1  7.10419
1  7.23529
1  7.3934
1  7.43882
1  7.51282
1  13.0947
1  12.9934
1  12.9593
1  12.9108
1  12.8702
1  7.77563
1  8.04913
1  8.12769
1  8.1665
1  8.3193
1  8.43588
1  8.54894
1  8.7282
1  8.75604
1  8.84956
1  8.93384
1  9.09226
1  8.96634
1  9.44764
1  9.4993
1  12.6159
1  12.5498
1  9.716
1  12.3741
1  9.8787
1  9.93886
1  12.3086
1  12.2867
1  10.0649
1  10.3557
1  12.0553
1  12.0039
1  10.4538
1  11.923
1  10.5068
1  11.9085
1  10.752
1  11.7299
1  11.6286
1  10.8665
1  10.9324
1  11.4932
1  11.103
1  11.1299
1  11.1921
1  11.3076
1  11.2854
1  11.2619
0  19.8597
0  18.6481
0  16.8689
0  16.0933
0  15.779
0  15.16
0  14.4232
0  14.3179
0  14.179
0  13.7951
0  13.6219
0  13.4397
0  13.1768
0  13.0539
0  12.943
0  12.794
0  12.2194
0  11.5248
0  11.2728
0  10.8304
0  10.7428
0  10.6542
0  10.3411
0  10.1675
0  10.2656
0  9.99027
0  9.59806
0  9.44033
0  9.19423
0  1.03968
0  1.52137
0  1.15993
0  2.12315
0  2.59583
0  2.79816
0  3.0334
0  3.35756
0  3.67363
0  3.89711
0  4.21386
0  4.3399
0  4.71492
0  4.95878
0  5.03869
0  8.8879
0  5.18477
0  5.4848
0  8.75824
0  5.68137
0  5.73169
0  8.59362
0  8.42079
0  6.25952
0  8.14594
0  6.73911
0  6.81836
0  7.93969
0  7.86389
0  7.74659
0  7.16374
0  7.56394
0  7.3289
0  7.49544
0  7.35739
0.05  19.8597
0.05  18.6333
0.05  16.8679
0.05  16.1284
0.05  15.7859
0.05  15.161
0.05  14.4288
0.05  14.3124
0.05  14.146
0.05  13.7731
0.05  13.6437
0.05  13.4424
0.05  13.2168
0.05  13.0537
0.05  12.9421
0.05  12.8016
0.05  12.2234
0.05  11.5258
0.05  11.3491
0.05  10.8683
0.05  10.7283
0.05  10.6454
0.05  10.3336
0.05  10.2826
0.05  10.1952
0.05  9.94679
0.05  9.5887
0.05  9.45525
0.05  1.09822
0.05  1.23173
0.05  1.58771
0.05  2.14837
0.05  9.18617
0.05  2.60885
0.05  2.82503
0.05  8.88679
0.05  3.06972
0.05  8.75236
0.05  3.40055
0.05  8.61413
0.05  3.68169
0.05  3.89006
0.05  4.22638
0.05  4.35185
0.05  4.71711
0.05  4.98221
0.05  5.05392
0.05  5.1869
0.05  5.49543
0.05  5.78604
0.05  5.72539
0.05  8.43689
0.05  6.27861
0.05  8.15354
0.05  7.94927
0.05  6.7434
0.05  6.82659
0.05  7.88081
0.05  7.75008
0.05  7.17555
0.05  7.54896
0.05  7.33317
0.05  7.53347
0.05  7.34534
0.1  19.8583
0.1  18.5614
0.1  16.8777
0.1  16.1355
0.1  15.8043
0.1  15.1658
0.1  14.4584
0.1  14.313
0.1  14.1031
0.1  13.7622
0.1  13.6629
0.1  13.4315
0.1  13.2393
0.1  13.05
0.1  12.9414
0.1  12.8138
0.1  12.2254
0.1  11.5354
0.1  11.4411
0.1  10.9245
0.1  10.7092
0.1  10.6307
0.1  10.3336
0.1  10.305
0.1  10.1844
0.1  9.91395
0.1  9.57424
0.1  9.47345
0.1  9.17972
0.1  8.89247
0.1  8.75306
0.1  1.14902
0.1  1.30606
0.1  1.67174
0.1  8.65073
0.1  2.17734
0.1  2.62277
0.1  2.85151
0.1  3.10429
0.1  3.47616
0.1  3.71229
0.1  3.8807
0.1  4.24602
0.1  4.36649
0.1  4.72366
0.1  5.01519
0.1  5.07038
0.1  5.19688
0.1  5.49937
0.1  5.7293
0.1  5.91147
0.1  8.44913
0.1  6.29839
0.1  8.16351
0.1  7.96528
0.1  6.73446
0.1  7.89842
0.1  6.85001
0.1  7.76642
0.1  7.59969
0.1  7.53723
0.1  7.18787
0.1  7.34
0.1  7.31717
0.15  19.8551
0.15  18.4372
0.15  16.8994
0.15  16.117
0.15  15.8308
0.15  15.1747
0.15  14.5065
0.15  14.3204
0.15  14.0622
0.15  13.7614
0.15  13.6748
0.15  13.4059
0.15  13.2452
0.15  13.0433
0.15  12.9414
0.15  12.8315
0.15  12.2256
0.15  11.5901
0.15  11.5187
0.15  10.9842
0.15  10.698
0.15  10.6053
0.15  10.3493
0.15  10.31
0.15  10.1548
0.15  9.89932
0.15  9.49168
0.15  9.55226
0.15  1.18866
0.15  1.38198
0.15  1.76803
0.15  9.17441
0.15  2.21104
0.15  2.6376
0.15  2.87785
0.15  3.13938
0.15  3.57068
0.15  3.75635
0.15  3.87555
0.15  4.27178
0.15  4.38364
0.15  8.90653
0.15  4.73721
0.15  5.0478
0.15  5.09673
0.15  5.21625
0.15  8.76606
0.15  5.50019
0.15  8.70073
0.15  5.73192
0.15  8.45974
0.15  6.05862
0.15  6.32003
0.15  8.18153
0.15  7.98913
0.15  7.91765
0.15  6.71989
0.15  7.80084
0.15  6.87984
0.15  7.65863
0.15  7.52781
0.15  7.29706
0.15  7.20239
0.15  7.34047
0.2  19.8496
0.2  18.2716
0.2  16.9341
0.2  16.0845
0.2  15.851
0.2  15.1885
0.2  14.5686
0.2  14.3373
0.2  14.0352
0.2  13.7737
0.2  13.6709
0.2  13.3708
0.2  13.2318
0.2  13.0321
0.2  12.9441
0.2  12.8533
0.2  12.2247
0.2  11.7305
0.2  11.5429
0.2  11.0422
0.2  10.6943
0.2  10.578
0.2  10.3588
0.2  10.308
0.2  10.1242
0.2  9.90324
0.2  9.52792
0.2  9.50215
0.2  9.17028
0.2  8.93151
0.2  8.82486
0.2  1.21701
0.2  1.45844
0.2  1.86861
0.2  2.24938
0.2  2.65303
0.2  2.90391
0.2  8.73174
0.2  3.17667
0.2  3.65883
0.2  3.79351
0.2  3.89893
0.2  4.30123
0.2  4.40342
0.2  4.75958
0.2  5.06597
0.2  5.14649
0.2  5.24627
0.2  5.49959
0.2  5.7348
0.2  8.4715
0.2  6.21258
0.2  8.21646
0.2  6.34531
0.2  8.01631
0.2  7.9376
0.2  6.70246
0.2  7.84427
0.2  6.91266
0.2  7.69627
0.2  7.51701
0.2  7.28649
0.2  7.34148
0.2  7.21949
0.25  19.841
0.25  18.0826
0.25  16.982
0.25  16.0807
0.25  15.8221
0.25  15.2075
0.25  14.6426
0.25  14.3709
0.25  14.0312
0.25  13.7961
0.25  13.6481
0.25  13.3366
0.25  13.1964
0.25  13.0117
0.25  12.9546
0.25  12.8729
0.25  12.2257
0.25  11.9001
0.25  11.5623
0.25  11.0996
0.25  10.6942
0.25  10.5725
0.25  10.3431
0.25  10.3007
0.25  10.1243
0.25  9.89947
0.25  1.2362
0.25  9.52498
0.25  1.53224
0.25  9.49074
0.25  1.96686
0.25  2.29117
0.25  2.66891
0.25  2.92948
0.25  9.16868
0.25  3.21489
0.25  3.70547
0.25  3.81396
0.25  3.97399
0.25  8.97604
0.25  4.33011
0.25  8.91895
0.25  4.42657
0.25  4.79121
0.25  5.07632
0.25  5.2111
0.25  5.28639
0.25  5.49856
0.25  8.73534
0.25  5.73807
0.25  8.4863
0.25  6.34056
0.25  8.26669
0.25  6.39135
0.25  8.03479
0.25  7.95628
0.25  7.87898
0.25  6.68447
0.25  6.94685
0.25  7.72198
0.25  7.50283
0.25  7.23096
0.25  7.34444
0.25  7.29748
0.3  19.8286
0.3  17.893
0.3  17.0416
0.3  16.1392
0.3  15.7199
0.3  15.2321
0.3  14.7316
0.3  14.4334
0.3  14.0492
0.3  13.8197
0.3  13.6124
0.3  13.3075
0.3  13.1529
0.3  12.9827
0.3  12.9674
0.3  12.881
0.3  12.2462
0.3  12.0602
0.3  11.5842
0.3  11.162
0.3  10.6978
0.3  10.6055
0.3  10.325
0.3  10.2666
0.3  10.173
0.3  9.8653
0.3  1.2484
0.3  1.59943
0.3  2.05884
0.3  2.3342
0.3  2.68549
0.3  2.95432
0.3  9.52905
0.3  9.49531
0.3  3.24978
0.3  3.70215
0.3  3.83662
0.3  4.07058
0.3  9.17346
0.3  4.35337
0.3  9.04849
0.3  4.455
0.3  8.9779
0.3  4.82974
0.3  5.08646
0.3  5.27806
0.3  5.33217
0.3  5.49862
0.3  5.74152
0.3  8.72236
0.3  8.50235
0.3  6.38281
0.3  6.49317
0.3  8.31346
0.3  6.67524
0.3  8.04417
0.3  7.97127
0.3  7.90064
0.3  7.74428
0.3  6.98039
0.3  7.48298
0.3  7.23047
0.3  7.36024
0.3  7.32747
0.35  19.8112
0.35  17.7228
0.35  17.1084
0.35  16.2468
0.35  15.5852
0.35  15.261
0.35  14.851
0.35  14.527
0.35  14.0731
0.35  13.8409
0.35  13.5739
0.35  13.2803
0.35  13.1261
0.35  13.0136
0.35  12.9082
0.35  12.8753
0.35  12.345
0.35  12.1247
0.35  11.6103
0.35  11.2377
0.35  10.7204
0.35  10.6561
0.35  10.326
0.35  10.2842
0.35  10.1648
0.35  9.87426
0.35  1.2548
0.35  1.6565
0.35  2.14283
0.35  2.37558
0.35  2.7037
0.35  2.97792
0.35  3.27527
0.35  9.54413
0.35  3.67501
0.35  9.48792
0.35  3.85144
0.35  4.15569
0.35  9.18539
0.35  4.36698
0.35  9.08682
0.35  4.49206
0.35  9.00357
0.35  4.87005
0.35  5.10102
0.35  5.33186
0.35  5.50311
0.35  5.3764
0.35  5.74441
0.35  8.67919
0.35  6.40483
0.35  8.51091
0.35  6.54501
0.35  6.69959
0.35  8.34571
0.35  7.00971
0.35  7.22613
0.35  7.45576
0.35  7.33914
0.35  7.412
0.35  7.98047
0.35  7.76615
0.35  7.90774
0.35  8.05211
0.4  19.788
0.4  17.581
0.4  17.1723
0.4  16.4007
0.4  15.4643
0.4  15.2909
0.4  15.0222
0.4  14.6182
0.4  14.088
0.4  13.8606
0.4  13.5416
0.4  13.2565
0.4  13.1194
0.4  13.0457
0.4  12.8838
0.4  12.8307
0.4  12.4618
0.4  12.1102
0.4  11.6458
0.4  11.33
0.4  10.7916
0.4  10.6744
0.4  10.3692
0.4  10.3208
0.4  10.1192
0.4  9.97449
0.4  1.25587
0.4  1.70103
0.4  9.54643
0.4  2.21835
0.4  2.41249
0.4  2.72502
0.4  2.99902
0.4  9.43806
0.4  3.28548
0.4  3.63805
0.4  3.85259
0.4  9.20255
0.4  4.20995
0.4  4.36772
0.4  9.09459
0.4  4.53986
0.4  8.99732
0.4  4.90638
0.4  5.12368
0.4  5.3559
0.4  5.51466
0.4  5.4145
0.4  5.74545
0.4  8.59405
0.4  8.48977
0.4  6.41281
0.4  6.54552
0.4  8.36529
0.4  6.74391
0.4  8.05653
0.4  7.98448
0.4  7.90098
0.4  7.78697
0.4  7.02548
0.4  7.47452
0.4  7.22051
0.4  7.41627
0.4  7.34408
0.45  19.7601
0.45  17.4662
0.45  17.2137
0.45  16.5946
0.45  15.4005
0.45  15.3154
0.45  15.2136
0.45  14.6728
0.45  14.0908
0.45  13.8791
0.45  13.5188
0.45  13.2401
0.45  13.1252
0.45  13.0684
0.45  12.8924
0.45  12.7877
0.45  12.512
0.45  12.0593
0.45  11.7006
0.45  11.4178
0.45  10.8661
0.45  10.6803
0.45  10.4363
0.45  10.3416
0.45  10.1473
0.45  9.99021
0.45  1.2526
0.45  1.73315
0.45  2.28506
0.45  2.44306
0.45  2.75093
0.45  3.01468
0.45  3.27797
0.45  9.54223
0.45  3.59575
0.45  3.84104
0.45  9.40905
0.45  4.2315
0.45  4.35284
0.45  4.59328
0.45  9.22348
0.45  4.93405
0.45  5.15047
0.45  5.3614
0.45  5.44054
0.45  5.53009
0.45  9.09213
0.45  5.74334
0.45  8.97489
0.45  6.39964
0.45  8.54827
0.45  6.53978
0.45  8.37315
0.45  8.39027
0.45  6.77478
0.45  8.05115
0.45  7.97484
0.45  7.89186
0.45  7.79947
0.45  7.01589
0.45  7.51743
0.45  7.37974
0.45  7.34769
0.45  7.21012
0.5  19.7346
0.5  17.3869
0.5  17.1937
0.5  16.7809
0.5  15.4945
0.5  15.3247
0.5  15.2844
0.5  14.6871
0.5  14.0817
0.5  13.8973
0.5  13.5051
0.5  13.2349
0.5  13.1317
0.5  13.0738
0.5  12.9134
0.5  12.7631
0.5  12.5004
0.5  11.9678
0.5  11.7647
0.5  11.4672
0.5  10.9213
0.5  10.6856
0.5  10.4771
0.5  10.3704
0.5  10.1473
0.5  9.93232
0.5  9.54126
0.5  9.40411
0.5  9.24521
0.5  1.24903
0.5  9.08133
0.5  8.95509
0.5  1.75803
0.5  2.34237
0.5  2.46672
0.5  3.01992
0.5  2.78114
0.5  3.25746
0.5  3.55017
0.5  3.81828
0.5  4.33172
0.5  4.22971
0.5  4.64294
0.5  4.95111
0.5  5.1628
0.5  5.36725
0.5  5.56519
0.5  5.45288
0.5  5.7379
0.5  6.37077
0.5  8.54294
0.5  6.53359
0.5  8.38167
0.5  8.2984
0.5  6.79496
0.5  8.04867
0.5  7.93825
0.5  7.88799
0.5  7.7974
0.5  6.9964
0.5  7.53944
0.5  7.33638
0.5  7.35997
0.5  7.19505
0.55  19.7248
0.55  17.3425
0.55  17.1165
0.55  16.8851
0.55  15.6861
0.55  15.3195
0.55  15.26
0.55  14.6681
0.55  14.0608
0.55  13.9173
0.55  13.5006
0.55  13.251
0.55  13.1226
0.55  13.0613
0.55  12.9372
0.55  12.7543
0.55  12.456
0.55  11.8522
0.55  11.777
0.55  11.4794
0.55  10.9563
0.55  10.6861
0.55  10.4685
0.55  10.3887
0.55  10.0773
0.55  9.8475
0.55  9.56409
0.55  9.3949
0.55  9.25954
0.55  9.04881
0.55  1.25034
0.55  8.94314
0.55  1.78249
0.55  2.39021
0.55  2.4832
0.55  2.81094
0.55  3.01195
0.55  3.22923
0.55  3.50251
0.55  3.78454
0.55  4.20468
0.55  4.33002
0.55  4.68261
0.55  4.95841
0.55  5.15864
0.55  5.34521
0.55  5.44982
0.55  5.6548
0.55  5.72983
0.55  8.54957
0.55  6.33913
0.55  6.51885
0.55  8.38082
0.55  8.26649
0.55  6.81622
0.55  8.05087
0.55  7.91504
0.55  7.86838
0.55  7.7877
0.55  7.00614
0.55  7.54839
0.55  7.29467
0.55  7.36099
0.55  7.17925
0.6  19.7388
0.6  17.303
0.6  17.0906
0.6  16.8729
0.6  15.8742
0.6  15.3045
0.6  15.208
0.6  14.626
0.6  14.0304
0.6  13.9404
0.6  13.5115
0.6  13.2828
0.6  13.1
0.6  13.0438
0.6  12.9682
0.6  12.761
0.6  12.3959
0.6  11.8165
0.6  11.6455
0.6  11.4598
0.6  10.9713
0.6  10.6828
0.6  10.4291
0.6  10.3969
0.6  9.96238
0.6  1.25573
0.6  1.80632
0.6  2.42886
0.6  2.4918
0.6  2.83172
0.6  2.99436
0.6  3.18827
0.6  9.75263
0.6  3.45292
0.6  9.62331
0.6  3.74382
0.6  4.16296
0.6  4.34501
0.6  9.36543
0.6  4.70691
0.6  4.95741
0.6  5.15089
0.6  9.24286
0.6  5.28929
0.6  5.43314
0.6  8.99715
0.6  5.71811
0.6  8.92656
0.6  5.75929
0.6  6.31308
0.6  8.55776
0.6  6.49045
0.6  8.37651
0.6  8.26338
0.6  6.84324
0.6  7.04297
0.6  8.04779
0.6  7.2389
0.6  7.36085
0.6  7.92104
0.6  7.5533
0.6  7.76089
0.6  7.83866
0.6  7.15914
0.65  19.7723
0.65  17.3033
0.65  17.0843
0.65  16.8843
0.65  15.9779
0.65  15.2846
0.65  15.1391
0.65  14.5729
0.65  13.9972
0.65  13.962
0.65  13.5457
0.65  13.3128
0.65  12.9939
0.65  13.0466
0.65  13.075
0.65  12.7753
0.65  12.3367
0.65  11.771
0.65  11.5469
0.65  11.374
0.65  10.9653
0.65  10.6799
0.65  10.4078
0.65  10.3781
0.65  9.90089
0.65  9.72129
0.65  9.59477
0.65  9.31612
0.65  1.26086
0.65  9.19766
0.65  1.82447
0.65  2.4565
0.65  2.49155
0.65  2.8335
0.65  2.97208
0.65  3.13303
0.65  3.40003
0.65  3.70424
0.65  8.97957
0.65  4.11578
0.65  8.85475
0.65  4.35641
0.65  4.71187
0.65  4.94947
0.65  5.14017
0.65  5.22058
0.65  5.40026
0.65  5.70407
0.65  5.8266
0.65  6.29443
0.65  8.55397
0.65  6.44969
0.65  8.36933
0.65  8.27079
0.65  6.87057
0.65  7.05498
0.65  8.03981
0.65  7.12316
0.65  7.19959
0.65  7.93342
0.65  7.71004
0.65  7.55291
0.65  7.35816
0.65  7.82009
0.7  19.8168
0.7  17.4222
0.7  17.046
0.7  16.9586
0.7  15.9564
0.7  15.2633
0.7  15.0647
0.7  14.5213
0.7  13.9992
0.7  13.9434
0.7  13.6028
0.7  13.3326
0.7  13.1107
0.7  12.9809
0.7  13.0383
0.7  12.7887
0.7  12.2894
0.7  11.7069
0.7  11.5095
0.7  11.2573
0.7  10.9294
0.7  10.6789
0.7  10.4112
0.7  10.3426
0.7  9.97952
0.7  9.66598
0.7  1.26328
0.7  1.83337
0.7  2.46495
0.7  2.48234
0.7  2.80696
0.7  2.94721
0.7  3.08058
0.7  3.34235
0.7  3.67046
0.7  4.06678
0.7  9.49773
0.7  4.35727
0.7  4.69888
0.7  4.93453
0.7  9.25567
0.7  5.11979
0.7  5.15708
0.7  9.15948
0.7  5.34415
0.7  5.6881
0.7  8.97317
0.7  5.8548
0.7  8.76341
0.7  6.2711
0.7  6.40942
0.7  8.52469
0.7  8.35931
0.7  8.27601
0.7  6.88952
0.7  6.99021
0.7  7.10545
0.7  8.03294
0.7  7.18905
0.7  7.9338
0.7  7.35491
0.7  7.65752
0.7  7.80982
0.7  7.53744
0.75  19.8659
0.75  17.6507
0.75  17.0231
0.75  16.98
0.75  15.8745
0.75  15.2434
0.75  14.9887
0.75  14.4813
0.75  14.0173
0.75  13.9031
0.75  13.6735
0.75  13.3445
0.75  13.1706
0.75  13.0235
0.75  12.9514
0.75  12.7963
0.75  12.2542
0.75  11.6406
0.75  11.4806
0.75  11.1849
0.75  10.8549
0.75  10.6795
0.75  10.4152
0.75  10.324
0.75  10.07
0.75  9.62209
0.75  1.26221
0.75  1.83117
0.75  2.43368
0.75  2.46752
0.75  2.76086
0.75  2.91847
0.75  3.05169
0.75  3.28055
0.75  3.64053
0.75  4.01805
0.75  9.41153
0.75  4.34881
0.75  9.15589
0.75  9.20148
0.75  4.6737
0.75  4.90801
0.75  5.07649
0.75  5.11503
0.75  5.27014
0.75  8.94059
0.75  5.67492
0.75  8.69525
0.75  5.86381
0.75  8.47119
0.75  6.22317
0.75  8.34627
0.75  8.27483
0.75  6.38288
0.75  8.02821
0.75  6.86652
0.75  6.94645
0.75  7.08391
0.75  7.18468
0.75  7.91595
0.75  7.35225
0.75  7.80335
0.75  7.49854
0.75  7.62412
0.8  19.9148
0.8  17.8982
0.8  17.0383
0.8  16.9407
0.8  15.7885
0.8  15.2258
0.8  14.9087
0.8  14.4577
0.8  14.0294
0.8  13.8665
0.8  13.7463
0.8  13.3534
0.8  13.2201
0.8  13.015
0.8  12.9221
0.8  12.7944
0.8  12.227
0.8  11.5865
0.8  11.4447
0.8  11.1548
0.8  10.7625
0.8  10.6798
0.8  10.4214
0.8  10.328
0.8  10.1229
0.8  1.25716
0.8  1.81643
0.8  2.35593
0.8  2.43776
0.8  2.72673
0.8  2.88862
0.8  3.04361
0.8  9.59858
0.8  3.21731
0.8  3.60989
0.8  9.351
0.8  9.19222
0.8  9.14268
0.8  3.97333
0.8  4.33477
0.8  4.64176
0.8  4.85875
0.8  5.02443
0.8  5.08349
0.8  5.20413
0.8  8.89911
0.8  5.6671
0.8  8.64718
0.8  5.8692
0.8  6.15394
0.8  8.41317
0.8  8.33099
0.8  8.27138
0.8  6.36014
0.8  8.02169
0.8  7.88751
0.8  7.79831
0.8  6.80716
0.8  6.94995
0.8  7.05377
0.8  7.18163
0.8  7.34828
0.8  7.44873
0.8  7.60709
0.85  19.959
0.85  18.1078
0.85  17.0465
0.85  16.9078
0.85  15.7209
0.85  15.2114
0.85  14.8226
0.85  14.4509
0.85  14.0351
0.85  13.8538
0.85  13.7959
0.85  13.3628
0.85  13.2526
0.85  13.0095
0.85  12.9026
0.85  12.7806
0.85  12.204
0.85  11.5519
0.85  11.3974
0.85  11.144
0.85  10.7014
0.85  10.6618
0.85  10.4308
0.85  10.343
0.85  10.1365
0.85  9.58707
0.85  9.32213
0.85  9.20161
0.85  9.11459
0.85  1.24741
0.85  1.78805
0.85  2.24239
0.85  2.39557
0.85  2.71514
0.85  2.86223
0.85  3.04311
0.85  3.15706
0.85  3.57699
0.85  3.93694
0.85  4.3188
0.85  4.60437
0.85  4.78637
0.85  4.98145
0.85  5.05679
0.85  5.16182
0.85  8.86927
0.85  5.66358
0.85  5.87629
0.85  8.61223
0.85  6.07753
0.85  8.36375
0.85  8.26915
0.85  8.31597
0.85  6.3277
0.85  8.01208
0.85  7.86027
0.85  7.79299
0.85  6.76096
0.85  7.02337
0.85  6.94944
0.85  7.18276
0.85  7.33865
0.85  7.41131
0.85  7.59672
0.9  19.9937
0.9  18.2591
0.9  17.0504
0.9  16.8858
0.9  15.6784
0.9  15.2005
0.9  14.7316
0.9  14.4588
0.9  14.0395
0.9  13.8935
0.9  13.7856
0.9  13.374
0.9  13.266
0.9  13.0053
0.9  12.8936
0.9  12.7571
0.9  12.1829
0.9  11.5337
0.9  11.3422
0.9  11.1398
0.9  10.7004
0.9  10.623
0.9  10.4303
0.9  10.3513
0.9  10.1264
0.9  9.5829
0.9  1.23195
0.9  9.32222
0.9  1.74653
0.9  2.11744
0.9  2.34743
0.9  2.71472
0.9  2.83994
0.9  3.03859
0.9  3.10914
0.9  9.19125
0.9  3.54607
0.9  9.09336
0.9  3.91077
0.9  4.30339
0.9  4.56045
0.9  4.71733
0.9  4.94601
0.9  5.03993
0.9  5.13637
0.9  8.85317
0.9  5.66246
0.9  5.88554
0.9  6.00331
0.9  8.58912
0.9  6.28455
0.9  8.32899
0.9  8.2604
0.9  8.30744
0.9  8.00038
0.9  6.73096
0.9  7.84331
0.9  6.93705
0.9  7.78548
0.9  6.99526
0.9  7.39758
0.9  7.32536
0.9  7.58908
0.9  7.19096
0.95  20.0146
0.95  18.3481
0.95  17.0523
0.95  16.8741
0.95  15.6603
0.95  15.1934
0.95  14.6416
0.95  14.4786
0.95  14.0514
0.95  13.9244
0.95  13.7645
0.95  13.3852
0.95  13.2612
0.95  13.002
0.95  12.8907
0.95  12.7295
0.95  12.1622
0.95  11.526
0.95  11.2837
0.95  11.1372
0.95  10.6215
0.95  10.7121
0.95  10.4079
0.95  10.3503
0.95  10.1007
0.95  9.58396
0.95  9.33018
0.95  1.20989
0.95  1.69587
0.95  1.99769
0.95  2.2995
0.95  2.71457
0.95  2.82005
0.95  3.09008
0.95  3.017
0.95  9.17283
0.95  3.52474
0.95  9.0769
0.95  3.89378
0.95  4.29001
0.95  4.51496
0.95  4.67049
0.95  4.9159
0.95  5.03273
0.95  5.11985
0.95  8.84808
0.95  5.66252
0.95  5.93752
0.95  5.89601
0.95  6.23654
0.95  8.57666
0.95  8.31846
0.95  8.2338
0.95  8.30627
0.95  7.98763
0.95  6.71366
0.95  7.8391
0.95  6.92051
0.95  7.77564
0.95  6.96478
0.95  7.20364
0.95  7.40078
0.95  7.58302
0.95  7.32116
1  20.0189
1  18.3757
1  17.053
1  16.8722
1  15.6629
1  15.1904
1  14.5646
1  14.5051
1  14.07
1  13.932
1  13.7454
1  13.3937
1  13.2382
1  12.9993
1  12.891
1  12.7015
1  12.1409
1  11.5258
1  11.2227
1  11.1337
1  10.7355
1  10.6368
1  10.3854
1  10.3405
1  10.0612
1  9.58909
1  9.333
1  1.18133
1  1.64323
1  1.89058
1  2.25544
1  2.70446
1  2.80496
1  2.98845
1  3.09485
1  9.15682
1  3.5178
1  9.06132
1  3.88448
1  4.28009
1  4.47869
1  4.64594
1  4.89458
1  5.03242
1  5.10856
1  8.85214
1  5.66327
1  5.88251
1  5.90804
1  6.19013
1  8.57339
1  8.33242
1  8.30161
1  8.19839
1  7.97465
1  6.70642
1  7.845
1  6.90326
1  7.76575
1  6.93436
1  7.57827
1  7.21431
1  7.41803
1  7.32814
