0  27.1815
0  27.1815
0  25.7456
0  -nan
0  -nan
0  25.7456
0  26.8321
0  26.8321
0  26.8321
0  26.6572
0  26.8321
0  26.6572
0  26.6572
0  26.6572
0  24.2223
0  25.2468
0  24.2223
0  25.2468
0  21.1115
0  20.4074
0  21.1115
0  21.5742
0  21.5742
0  25.0989
0  25.0989
0  25.0989
0  22.1178
0  25.0989
0  24.8039
0  24.8039
0  24.748
0  24.8039
0  24.748
0  24.748
0  24.8039
0  24.748
0  24.5416
0  24.5416
0  24.5416
0  24.5416
0  22.6696
0  22.6696
0  22.6696
0  22.6696
0  22.5799
0  17.1342
0  22.5799
0  22.5799
0  17.1342
0  22.5799
0  21.8783
0  21.8783
0  21.8783
0  21.8783
0  21.8595
0  21.8595
0  18.6437
0  21.8595
0  18.6437
0  21.8595
0  18.5482
0  18.5482
0  18.5482
0  18.5482
0  3.94568
0  18.0018
0  3.94568
0  18.0018
0  18.0018
0  3.94568
0  3.94568
0  18.0018
0  5.6473
0  5.6473
0  5.6473
0  7.11891
0  5.6473
0  7.11891
0  14.1181
0  12.3334
0  12.2639
0  12.2639
0  12.3334
0  8.72431
0  8.72431
0  11.2568
0  7.74916
0  16.4722
0  16.4722
0  16.4722
0  13.9813
0  16.4722
0  13.9813
0  15.8512
0  15.8512
0  15.8512
0  15.8512
0  14.5658
0  7.74916
0  7.74916
0  7.74916
0  14.5658
0  14.5658
0  14.5658
0  9.24463
0  9.24463
0  9.24463
0  9.24463
0  9.08468
0  9.08468
0  9.08468
0  9.08468
0  11.1303
0  10.8511
0  10.8511
0  11.1303
0  10.8511
0  11.1303
0  11.1303
0  10.8511
0  13.044
0  13.044
0  12.9307
0  13.044
0  12.9307
0  12.9307
0  12.9307
0  13.044
0  27.1815
0  27.1815
0  26.8321
0  25.7456
0  7.57118e-07
0  25.7456
0  -nan
0  26.8321
0  26.8321
0  26.8321
0  26.6572
0  26.6572
0  26.6572
0  26.6572
0  24.2223
0  25.2468
0  24.2223
0  25.2468
0  21.1115
0  20.4074
0  21.1115
0  21.5742
0  21.5742
0  22.1178
0  25.0989
0  25.0989
0  25.0989
0  25.0989
0  24.8039
0  24.748
0  24.8039
0  24.748
0  24.8039
0  24.748
0  24.8039
0  24.748
0  24.5416
0  24.5416
0  24.5416
0  24.5416
0  22.6696
0  22.6696
0  22.6696
0  22.6696
0  22.5799
0  22.5799
0  22.5799
0  22.5799
0  17.1342
0  17.1342
0  21.8783
0  21.8595
0  21.8595
0  21.8783
0  21.8783
0  21.8595
0  21.8595
0  21.8783
0  3.94568
0  3.94568
0  3.94568
0  3.94568
0  8.72431
0  8.72431
0  7.11891
0  7.11891
0  5.6473
0  5.6473
0  5.6473
0  18.6437
0  5.6473
0  18.6437
0  12.2639
0  12.3334
0  12.2639
0  12.3334
0  14.1181
0  11.2568
0  18.5482
0  18.5482
0  18.5482
0  18.5482
0  18.0018
0  7.74916
0  7.74916
0  18.0018
0  18.0018
0  18.0018
0  7.74916
0  7.74916
0  13.9813
0  13.9813
0  16.4722
0  16.4722
0  16.4722
0  16.4722
0  15.8512
0  15.8512
0  15.8512
0  15.8512
0  14.5658
0  14.5658
0  14.5658
0  14.5658
0  9.24463
0  9.08468
0  9.24463
0  9.08468
0  9.08468
0  9.24463
0  9.08468
0  9.24463
0  10.8511
0  11.1303
0  10.8511
0  11.1303
0  10.8511
0  11.1303
0  10.8511
0  11.1303
0  12.9307
0  13.044
0  13.044
0  12.9307
0  12.9307
0  12.9307
0  13.044
0  13.044
0.05  27.1811
0.05  27.1801
0.05  27.1811
0.05  27.1801
0.05  26.6808
0.05  26.6332
0.05  26.6808
0.05  26.6332
0.05  26.8563
0.05  26.8563
0.05  26.8563
0.05  26.8563
0.05  26.806
0.05  26.806
0.05  26.806
0.05  26.806
0.05  26.6588
0.05  26.6588
0.05  26.6588
0.05  25.7473
0.05  26.6588
0.05  25.7473
0.05  25.7451
0.05  25.7451
0.05  25.247
0.05  25.2452
0.05  25.2452
0.05  25.247
0.05  25.1954
0.05  25.1954
0.05  25.0953
0.05  25.0006
0.05  25.0953
0.05  25.0006
0.05  25.0953
0.05  24.2225
0.05  25.0953
0.05  24.2225
0.05  24.7621
0.05  24.7621
0.05  24.8436
0.05  24.8436
0.05  24.5261
0.05  24.5261
0.05  24.5575
0.05  24.5575
0.05  24.2208
0.05  24.2208
0.05  24.8048
0.05  24.8048
0.05  24.6893
0.05  24.6893
0.05  24.8464
0.05  24.8464
0.05  24.8464
0.05  24.8464
0.05  24.7054
0.05  24.7054
0.05  24.7054
0.05  0.0988762
0.05  24.7054
0.05  0.0988762
0.05  24.5402
0.05  24.5402
0.05  24.5402
0.05  24.5402
0.05  0.194189
0.05  0.194189
0.05  21.109
0.05  21.109
0.05  20.3952
0.05  20.3952
0.05  22.1336
0.05  22.1336
0.05  21.1194
0.05  21.5581
0.05  21.1194
0.05  21.5581
0.05  22.7338
0.05  22.7338
0.05  22.7338
0.05  22.7338
0.05  22.6716
0.05  22.6716
0.05  22.6716
0.05  22.6716
0.05  22.5781
0.05  22.5781
0.05  22.5781
0.05  22.5781
0.05  22.5166
0.05  22.5166
0.05  22.5166
0.05  22.5166
0.05  21.9703
0.05  21.5858
0.05  21.9703
0.05  21.5858
0.05  21.7466
0.05  21.7466
0.05  21.9836
0.05  21.86
0.05  21.9836
0.05  21.86
0.05  21.9836
0.05  21.86
0.05  21.9836
0.05  21.86
0.05  21.7705
0.05  21.7705
0.05  21.7705
0.05  21.7705
0.05  3.84795
0.05  4.04327
0.05  3.84795
0.05  4.04327
0.05  18.5417
0.05  18.5775
0.05  18.5417
0.05  18.5775
0.05  17.9193
0.05  18.0621
0.05  17.9193
0.05  18.0621
0.05  18.6357
0.05  18.6418
0.05  18.6418
0.05  18.6357
0.05  17.135
0.05  18.5572
0.05  17.135
0.05  18.5572
0.05  18.5572
0.05  18.5572
0.05  17.144
0.05  18.0095
0.05  17.144
0.05  18.0095
0.05  18.0095
0.05  5.57489
0.05  18.0095
0.05  5.57489
0.05  3.94699
0.05  3.94699
0.05  3.94699
0.05  3.94699
0.05  5.57489
0.05  5.57489
0.05  7.12039
0.05  7.12039
0.05  7.11346
0.05  7.11346
0.05  5.72075
0.05  5.72075
0.05  5.72075
0.05  5.72075
0.05  15.8071
0.05  16.5109
0.05  16.5109
0.05  15.8071
0.05  15.8637
0.05  15.8637
0.05  16.4657
0.05  16.4657
0.05  16.4635
0.05  16.4635
0.05  16.4635
0.05  16.4635
0.05  7.55722
0.05  7.55722
0.05  7.94083
0.05  7.94083
0.05  15.8428
0.05  15.8428
0.05  7.75152
0.05  15.8428
0.05  7.75152
0.05  15.8428
0.05  14.1253
0.05  14.1253
0.05  14.6687
0.05  14.6687
0.05  7.75152
0.05  14.4646
0.05  7.75152
0.05  14.4646
0.05  13.9828
0.05  13.9828
0.05  13.9706
0.05  8.72932
0.05  13.9706
0.05  8.72932
0.05  14.5647
0.05  9.00199
0.05  9.00199
0.05  8.72453
0.05  9.16828
0.05  8.72453
0.05  9.16828
0.05  9.21304
0.05  14.5647
0.05  14.5647
0.05  14.5647
0.05  9.21304
0.05  9.27747
0.05  9.03907
0.05  9.03907
0.05  9.03907
0.05  9.27747
0.05  9.03907
0.05  11.0728
0.05  11.1867
0.05  11.0728
0.05  11.1867
0.05  9.29033
0.05  9.29033
0.05  9.29033
0.05  9.29033
0.05  11.2493
0.05  11.2493
0.05  12.2573
0.05  12.2573
0.05  12.3326
0.05  12.3326
0.05  12.2727
0.05  12.2727
0.05  12.3349
0.05  12.3349
0.05  10.7269
0.05  10.7269
0.05  10.7269
0.05  10.7269
0.05  10.9747
0.05  10.9747
0.05  11.1316
0.05  11.1316
0.05  10.9747
0.05  10.9747
0.05  11.1316
0.05  11.1316
0.05  13.0943
0.05  13.0943
0.05  13.0943
0.05  13.0688
0.05  13.0688
0.05  13.0688
0.05  13.0688
0.05  13.0943
0.05  12.8994
0.05  12.8889
0.05  12.8994
0.05  12.8889
0.05  12.8994
0.05  12.8889
0.05  12.8994
0.05  12.8889
0.1  27.1801
0.1  27.1801
0.1  27.176
0.1  27.176
0.1  26.704
0.1  26.6089
0.1  26.6089
0.1  26.704
0.1  26.8787
0.1  26.8787
0.1  26.8787
0.1  26.8787
0.1  26.7781
0.1  26.7781
0.1  26.7781
0.1  26.7781
0.1  26.6637
0.1  26.6637
0.1  25.7523
0.1  26.6637
0.1  25.7523
0.1  26.6637
0.1  25.7437
0.1  25.7437
0.1  25.2407
0.1  25.2475
0.1  25.2407
0.1  25.2475
0.1  25.2901
0.1  25.2901
0.1  24.2231
0.1  24.2231
0.1  24.7184
0.1  24.5109
0.1  24.5109
0.1  24.7184
0.1  24.5737
0.1  24.8814
0.1  24.5737
0.1  24.8814
0.1  24.2161
0.1  24.2161
0.1  25.0847
0.1  25.0847
0.1  25.0847
0.1  25.0847
0.1  24.8597
0.1  24.8597
0.1  24.9006
0.1  24.6287
0.1  24.9006
0.1  24.6287
0.1  24.9084
0.1  24.9084
0.1  24.9084
0.1  24.9084
0.1  24.6436
0.1  24.6436
0.1  24.6436
0.1  24.6436
0.1  24.5361
0.1  0.197752
0.1  24.5361
0.1  0.197752
0.1  24.5361
0.1  24.5361
0.1  21.1016
0.1  22.1765
0.1  21.1016
0.1  22.1765
0.1  22.819
0.1  22.819
0.1  20.3598
0.1  22.819
0.1  20.3598
0.1  22.819
0.1  22.7009
0.1  22.7009
0.1  21.5144
0.1  22.7009
0.1  21.5144
0.1  22.7009
0.1  22.5577
0.1  21.1431
0.1  22.5577
0.1  22.5577
0.1  21.1431
0.1  22.5577
0.1  22.4263
0.1  22.4263
0.1  22.4263
0.1  22.0789
0.1  22.4263
0.1  22.0789
0.1  21.6316
0.1  21.6191
0.1  21.6191
0.1  21.6316
0.1  21.8613
0.1  22.0849
0.1  21.8613
0.1  22.0849
0.1  21.8613
0.1  22.0849
0.1  21.8613
0.1  22.0849
0.1  21.6611
0.1  21.6611
0.1  21.6611
0.1  0.388378
0.1  21.6611
0.1  0.388378
0.1  3.7501
0.1  4.14073
0.1  3.7501
0.1  4.14073
0.1  18.5664
0.1  18.6212
0.1  18.5664
0.1  18.6212
0.1  17.8234
0.1  18.092
0.1  17.8234
0.1  18.092
0.1  18.6361
0.1  18.6361
0.1  18.6119
0.1  18.6119
0.1  17.1373
0.1  17.1373
0.1  18.584
0.1  18.584
0.1  18.584
0.1  18.584
0.1  17.1731
0.1  17.1731
0.1  18.0324
0.1  18.0324
0.1  18.0324
0.1  18.0324
0.1  3.95094
0.1  3.95094
0.1  3.95094
0.1  3.95094
0.1  5.50353
0.1  5.50353
0.1  5.50353
0.1  5.50353
0.1  7.12482
0.1  7.12482
0.1  7.0973
0.1  7.0973
0.1  5.79521
0.1  5.79521
0.1  5.79521
0.1  5.79521
0.1  16.573
0.1  16.573
0.1  16.4928
0.1  16.4928
0.1  15.7401
0.1  15.7401
0.1  15.8432
0.1  15.8432
0.1  16.4378
0.1  16.4378
0.1  16.4378
0.1  16.4378
0.1  15.8181
0.1  15.8181
0.1  15.8181
0.1  15.8181
0.1  14.7732
0.1  14.7732
0.1  14.1466
0.1  14.1466
0.1  7.36506
0.1  7.36506
0.1  14.3651
0.1  14.3651
0.1  13.9875
0.1  13.9388
0.1  13.9875
0.1  13.9388
0.1  14.5614
0.1  14.5614
0.1  14.5614
0.1  14.5614
0.1  8.13222
0.1  8.13222
0.1  7.7586
0.1  7.7586
0.1  7.7586
0.1  7.7586
0.1  8.74414
0.1  12.2379
0.1  8.74414
0.1  12.2379
0.1  9.25275
0.1  8.92027
0.1  9.25275
0.1  8.92027
0.1  8.72518
0.1  8.72518
0.1  12.3302
0.1  12.3302
0.1  9.1827
0.1  9.31159
0.1  9.1827
0.1  9.31159
0.1  8.95525
0.1  8.95525
0.1  8.95525
0.1  8.95525
0.1  9.37444
0.1  9.37444
0.1  9.37444
0.1  9.37444
0.1  11.0143
0.1  11.0143
0.1  12.2985
0.1  12.2985
0.1  11.242
0.1  12.3395
0.1  11.242
0.1  12.3395
0.1  10.6026
0.1  10.6026
0.1  10.6026
0.1  11.2275
0.1  11.2275
0.1  10.6026
0.1  13.1719
0.1  13.1259
0.1  13.1719
0.1  13.1259
0.1  13.1259
0.1  13.1719
0.1  13.1259
0.1  13.1719
0.1  11.0967
0.1  11.0967
0.1  11.0967
0.1  11.0967
0.1  12.8437
0.1  11.1355
0.1  12.8437
0.1  11.1355
0.1  12.8437
0.1  11.1355
0.1  12.8437
0.1  11.1355
0.1  12.8165
0.1  12.8165
0.1  12.8165
0.1  12.8165
0.15  27.1783
0.15  27.1783
0.15  27.169
0.15  27.169
0.15  26.7268
0.15  26.5843
0.15  26.7268
0.15  26.5843
0.15  26.8992
0.15  26.8992
0.15  26.8992
0.15  26.8992
0.15  26.7485
0.15  26.7485
0.15  25.7605
0.15  26.7485
0.15  25.7605
0.15  26.7485
0.15  26.6716
0.15  26.6716
0.15  26.6716
0.15  26.6716
0.15  25.7414
0.15  25.7414
0.15  25.2484
0.15  25.2484
0.15  25.2333
0.15  25.383
0.15  25.2333
0.15  25.383
0.15  24.2241
0.15  24.6727
0.15  24.2241
0.15  24.6727
0.15  24.9173
0.15  24.4961
0.15  24.9173
0.15  24.4961
0.15  24.5903
0.15  24.7989
0.15  24.5903
0.15  24.7989
0.15  24.9127
0.15  24.9127
0.15  25.0673
0.15  25.0673
0.15  25.0673
0.15  24.2083
0.15  25.0673
0.15  24.2083
0.15  24.972
0.15  24.972
0.15  24.972
0.15  24.972
0.15  24.5662
0.15  24.5662
0.15  0.296628
0.15  0.296628
0.15  24.5293
0.15  24.5293
0.15  24.5801
0.15  24.5801
0.15  24.5801
0.15  24.5293
0.15  24.5293
0.15  24.5801
0.15  22.9061
0.15  22.9061
0.15  21.0893
0.15  21.0893
0.15  22.9061
0.15  22.2373
0.15  22.9061
0.15  22.2373
0.15  22.7362
0.15  22.7362
0.15  22.7362
0.15  22.7362
0.15  21.4521
0.15  21.4521
0.15  20.3047
0.15  20.3047
0.15  22.5414
0.15  22.5414
0.15  22.5414
0.15  21.1815
0.15  21.1815
0.15  22.5414
0.15  21.6709
0.15  22.1852
0.15  21.6709
0.15  22.1852
0.15  22.3299
0.15  22.3299
0.15  21.5145
0.15  22.3299
0.15  21.5145
0.15  22.3299
0.15  21.8635
0.15  21.8635
0.15  22.1785
0.15  21.8635
0.15  22.1785
0.15  22.1785
0.15  21.8635
0.15  22.1785
0.15  21.5505
0.15  21.5505
0.15  21.5505
0.15  21.5505
0.15  0.582567
0.15  0.582567
0.15  3.65215
0.15  4.23802
0.15  3.65215
0.15  4.23802
0.15  18.6737
0.15  17.7196
0.15  18.6737
0.15  17.7196
0.15  3.9575
0.15  3.9575
0.15  3.9575
0.15  3.9575
0.15  18.0915
0.15  18.0915
0.15  17.1411
0.15  17.1411
0.15  18.622
0.15  18.5733
0.15  18.622
0.15  18.5733
0.15  17.2204
0.15  17.2204
0.15  18.0693
0.15  18.0693
0.15  18.0693
0.15  18.6266
0.15  18.6266
0.15  18.0693
0.15  18.6274
0.15  18.6274
0.15  18.6274
0.15  18.6274
0.15  5.43326
0.15  5.43326
0.15  5.43326
0.15  5.43326
0.15  5.87066
0.15  5.87066
0.15  5.87066
0.15  7.071
0.15  5.87066
0.15  7.071
0.15  16.6504
0.15  16.6504
0.15  7.1322
0.15  16.5462
0.15  7.1322
0.15  16.5462
0.15  16.3967
0.15  16.3967
0.15  16.3967
0.15  16.3967
0.15  15.6585
0.15  15.6585
0.15  15.7969
0.15  15.7969
0.15  14.8792
0.15  14.8792
0.15  15.7779
0.15  15.7779
0.15  15.7779
0.15  15.7779
0.15  7.17267
0.15  7.17267
0.15  14.1811
0.15  14.1811
0.15  14.2675
0.15  14.2675
0.15  13.9953
0.15  13.9953
0.15  14.5559
0.15  14.5559
0.15  14.5559
0.15  13.8872
0.15  13.8872
0.15  14.5559
0.15  7.77038
0.15  7.77038
0.15  7.77038
0.15  7.77038
0.15  8.32331
0.15  8.32331
0.15  8.76819
0.15  8.76819
0.15  8.83956
0.15  9.33804
0.15  8.83956
0.15  9.33804
0.15  8.72628
0.15  8.72628
0.15  9.15359
0.15  9.15359
0.15  9.347
0.15  9.347
0.15  8.86376
0.15  8.86376
0.15  8.86376
0.15  12.2065
0.15  8.86376
0.15  12.2065
0.15  9.46641
0.15  9.46641
0.15  9.46641
0.15  9.46641
0.15  12.3263
0.15  12.3263
0.15  10.9546
0.15  10.9546
0.15  11.2961
0.15  11.2961
0.15  10.4786
0.15  10.4786
0.15  10.4786
0.15  10.4786
0.15  12.3472
0.15  12.3392
0.15  12.3472
0.15  12.3392
0.15  13.2555
0.15  13.1888
0.15  13.1888
0.15  13.2555
0.15  13.1888
0.15  13.2555
0.15  13.2555
0.15  13.1888
0.15  11.1933
0.15  11.1933
0.15  12.7858
0.15  12.7858
0.15  12.7858
0.15  12.7858
0.15  11.216
0.15  11.216
0.15  11.216
0.15  11.216
0.15  11.142
0.15  11.142
0.15  11.142
0.15  11.142
0.15  12.7395
0.15  12.7395
0.15  12.7395
0.15  12.7395
0.2  27.1758
0.2  27.1758
0.2  27.1593
0.2  27.1593
0.2  26.7493
0.2  26.7493
0.2  26.9179
0.2  26.5594
0.2  26.9179
0.2  26.9179
0.2  26.5594
0.2  26.9179
0.2  26.7171
0.2  26.7171
0.2  26.7171
0.2  25.7715
0.2  26.7171
0.2  26.6824
0.2  26.6824
0.2  26.6824
0.2  26.6824
0.2  25.7715
0.2  25.7381
0.2  0.395504
0.2  0.395504
0.2  25.7381
0.2  25.4739
0.2  25.4739
0.2  25.2495
0.2  25.2234
0.2  25.2495
0.2  25.2234
0.2  24.2256
0.2  24.9511
0.2  24.2256
0.2  24.9511
0.2  24.6251
0.2  24.6072
0.2  24.6251
0.2  24.6072
0.2  24.4817
0.2  24.4817
0.2  24.1975
0.2  24.1975
0.2  24.6956
0.2  24.6956
0.2  24.9638
0.2  24.9638
0.2  25.0432
0.2  25.0432
0.2  25.0432
0.2  25.0432
0.2  25.036
0.2  25.036
0.2  25.036
0.2  25.036
0.2  24.5019
0.2  24.5019
0.2  24.5162
0.2  24.5197
0.2  24.5197
0.2  24.5162
0.2  24.5162
0.2  24.5197
0.2  24.5162
0.2  24.5197
0.2  22.9925
0.2  22.9925
0.2  20.2341
0.2  22.9925
0.2  20.2341
0.2  22.9925
0.2  21.0722
0.2  21.0722
0.2  22.7741
0.2  22.7741
0.2  22.7741
0.2  22.7741
0.2  21.3786
0.2  21.3786
0.2  22.3089
0.2  22.3089
0.2  21.7368
0.2  21.7368
0.2  21.2333
0.2  21.2333
0.2  22.54
0.2  22.54
0.2  22.54
0.2  22.54
0.2  21.3953
0.2  21.3953
0.2  21.8665
0.2  21.8665
0.2  22.2892
0.2  21.8665
0.2  22.2892
0.2  21.8665
0.2  22.2305
0.2  22.2305
0.2  22.2305
0.2  22.2305
0.2  22.2563
0.2  22.2563
0.2  22.2563
0.2  22.2563
0.2  21.4391
0.2  21.4391
0.2  21.4391
0.2  21.4391
0.2  0.776755
0.2  0.776755
0.2  3.55409
0.2  3.55409
0.2  18.7319
0.2  18.7319
0.2  4.33515
0.2  4.33515
0.2  18.6993
0.2  18.6993
0.2  18.0699
0.2  18.0699
0.2  17.611
0.2  17.611
0.2  18.6134
0.2  18.5211
0.2  18.6134
0.2  18.5211
0.2  17.1465
0.2  18.6855
0.2  17.1465
0.2  18.6855
0.2  18.6855
0.2  17.2841
0.2  18.6855
0.2  17.2841
0.2  18.1185
0.2  3.96667
0.2  18.1185
0.2  3.96667
0.2  18.1185
0.2  3.96667
0.2  18.1185
0.2  3.96667
0.2  16.7376
0.2  16.7376
0.2  5.3641
0.2  16.6161
0.2  5.3641
0.2  16.6161
0.2  5.3641
0.2  5.3641
0.2  7.14251
0.2  7.03541
0.2  7.14251
0.2  7.03541
0.2  5.94707
0.2  5.94707
0.2  5.94707
0.2  5.94707
0.2  16.3424
0.2  6.98009
0.2  16.3424
0.2  6.98009
0.2  16.3424
0.2  16.3424
0.2  15.5679
0.2  15.5679
0.2  15.7346
0.2  15.7346
0.2  14.9867
0.2  14.9867
0.2  7.78686
0.2  7.78686
0.2  15.7233
0.2  15.7233
0.2  15.7233
0.2  15.7233
0.2  7.78686
0.2  14.2277
0.2  7.78686
0.2  14.2277
0.2  8.51406
0.2  8.80065
0.2  8.51406
0.2  8.80065
0.2  8.75992
0.2  8.75992
0.2  9.42411
0.2  9.42411
0.2  9.12568
0.2  8.72782
0.2  9.12568
0.2  8.72782
0.2  14.1716
0.2  14.1716
0.2  14.5481
0.2  14.5481
0.2  14.5481
0.2  14.5481
0.2  14.0062
0.2  14.0062
0.2  9.38372
0.2  9.38372
0.2  13.8173
0.2  13.8173
0.2  8.77004
0.2  8.77004
0.2  8.77004
0.2  10.894
0.2  8.77004
0.2  10.894
0.2  9.56079
0.2  9.56079
0.2  9.56079
0.2  10.3553
0.2  9.56079
0.2  10.3553
0.2  10.3553
0.2  12.1643
0.2  10.3553
0.2  12.1643
0.2  11.3491
0.2  11.3491
0.2  12.3207
0.2  12.3207
0.2  13.3418
0.2  13.3418
0.2  12.3578
0.2  13.3418
0.2  13.3418
0.2  12.3578
0.2  12.3924
0.2  12.3924
0.2  13.2529
0.2  13.2529
0.2  13.2529
0.2  13.2529
0.2  11.1493
0.2  11.1493
0.2  11.331
0.2  11.331
0.2  11.331
0.2  11.331
0.2  12.7308
0.2  12.7308
0.2  12.7308
0.2  12.7308
0.2  12.6624
0.2  12.6624
0.2  12.6624
0.2  12.6624
0.2  11.1511
0.2  11.1511
0.2  11.1511
0.2  11.1511
0.25  27.1725
0.25  27.1725
0.25  27.1469
0.25  27.1469
0.25  26.7713
0.25  26.5341
0.25  26.7713
0.25  26.5341
0.25  26.9346
0.25  26.9346
0.25  26.9346
0.25  26.9346
0.25  25.7852
0.25  25.7852
0.25  26.6839
0.25  26.6956
0.25  26.6839
0.25  26.6956
0.25  26.6839
0.25  26.6956
0.25  26.6839
0.25  26.6956
0.25  25.7338
0.25  25.7338
0.25  25.5629
0.25  25.5629
0.25  25.2509
0.25  25.2509
0.25  0.49438
0.25  25.2112
0.25  0.49438
0.25  25.2112
0.25  24.983
0.25  24.2274
0.25  24.983
0.25  24.2274
0.25  24.6245
0.25  24.6245
0.25  24.5755
0.25  24.5755
0.25  24.4676
0.25  24.4676
0.25  24.1835
0.25  24.1835
0.25  24.5908
0.25  24.5908
0.25  25.1001
0.25  25.1001
0.25  25.1001
0.25  25.1001
0.25  24.4356
0.25  24.4356
0.25  25.013
0.25  25.013
0.25  25.013
0.25  25.013
0.25  25.013
0.25  25.013
0.25  24.4524
0.25  24.5073
0.25  24.5073
0.25  24.4524
0.25  24.5073
0.25  24.4524
0.25  24.5073
0.25  24.4524
0.25  23.0775
0.25  23.0775
0.25  23.0775
0.25  23.0775
0.25  22.8139
0.25  22.8139
0.25  22.3865
0.25  22.8139
0.25  22.3865
0.25  22.8139
0.25  21.0503
0.25  21.0503
0.25  22.3908
0.25  22.3908
0.25  22.568
0.25  22.568
0.25  22.568
0.25  20.1517
0.25  22.568
0.25  20.1517
0.25  21.8132
0.25  21.8132
0.25  22.3044
0.25  22.3044
0.25  22.3044
0.25  21.2983
0.25  22.3044
0.25  21.2983
0.25  22.1289
0.25  22.1289
0.25  22.1289
0.25  22.1289
0.25  21.2743
0.25  21.2743
0.25  21.8705
0.25  21.2971
0.25  21.8705
0.25  21.8705
0.25  21.2971
0.25  21.8705
0.25  21.327
0.25  21.327
0.25  21.327
0.25  0.970943
0.25  21.327
0.25  0.970943
0.25  3.45594
0.25  3.45594
0.25  18.7944
0.25  18.7892
0.25  18.7944
0.25  18.7892
0.25  4.43209
0.25  4.43209
0.25  18.0362
0.25  18.0362
0.25  18.5964
0.25  18.5964
0.25  18.4569
0.25  17.4992
0.25  18.4569
0.25  17.4992
0.25  18.7564
0.25  18.7564
0.25  17.1535
0.25  18.7564
0.25  17.1535
0.25  18.7564
0.25  17.3624
0.25  17.3624
0.25  18.1784
0.25  18.1784
0.25  18.1784
0.25  18.1784
0.25  16.8311
0.25  16.8311
0.25  3.97842
0.25  3.97842
0.25  16.6954
0.25  3.97842
0.25  16.6954
0.25  3.97842
0.25  5.29608
0.25  5.29608
0.25  5.29608
0.25  6.99153
0.25  5.29608
0.25  6.99153
0.25  7.15573
0.25  7.15573
0.25  6.02442
0.25  6.02442
0.25  6.02442
0.25  6.78734
0.25  6.78734
0.25  6.02442
0.25  16.277
0.25  16.277
0.25  16.277
0.25  15.4716
0.25  16.277
0.25  15.4716
0.25  15.0957
0.25  15.6633
0.25  15.0957
0.25  15.6633
0.25  15.6558
0.25  15.6558
0.25  15.6558
0.25  15.6558
0.25  14.2849
0.25  14.2849
0.25  7.80799
0.25  7.80799
0.25  7.80799
0.25  7.80799
0.25  9.5109
0.25  9.5109
0.25  8.84049
0.25  8.84049
0.25  9.09896
0.25  9.42175
0.25  9.42175
0.25  9.09896
0.25  8.68141
0.25  8.68141
0.25  8.72982
0.25  8.72982
0.25  8.70444
0.25  8.70444
0.25  10.8323
0.25  10.8323
0.25  8.67551
0.25  8.67551
0.25  8.67551
0.25  8.67551
0.25  9.65614
0.25  9.65614
0.25  9.65614
0.25  9.65614
0.25  14.0777
0.25  14.0202
0.25  14.0202
0.25  14.0777
0.25  14.5382
0.25  14.5382
0.25  14.5382
0.25  14.5382
0.25  11.4008
0.25  11.4008
0.25  13.7311
0.25  13.7311
0.25  10.2331
0.25  10.2331
0.25  10.2331
0.25  12.1127
0.25  10.2331
0.25  12.1127
0.25  11.0978
0.25  12.3136
0.25  11.0978
0.25  12.3136
0.25  11.1627
0.25  11.1627
0.25  11.1627
0.25  11.1627
0.25  11.439
0.25  11.439
0.25  11.439
0.25  11.439
0.25  13.4298
0.25  13.4298
0.25  12.3716
0.25  13.4298
0.25  12.3716
0.25  13.4298
0.25  13.3171
0.25  13.3171
0.25  13.3171
0.25  13.3171
0.25  12.4556
0.25  12.4556
0.25  12.682
0.25  12.682
0.25  12.682
0.25  12.682
0.25  12.5859
0.25  12.5859
0.25  12.5859
0.25  12.5859
0.3  27.1686
0.3  27.1686
0.3  27.1317
0.3  27.1317
0.3  26.7928
0.3  26.7928
0.3  26.9495
0.3  26.5086
0.3  26.5086
0.3  26.9495
0.3  26.9495
0.3  25.8011
0.3  26.9495
0.3  25.8011
0.3  26.7109
0.3  26.6491
0.3  26.7109
0.3  26.6491
0.3  26.7109
0.3  26.6491
0.3  26.7109
0.3  26.6491
0.3  25.7286
0.3  25.6499
0.3  25.7286
0.3  25.6499
0.3  25.2525
0.3  25.197
0.3  25.2525
0.3  25.197
0.3  25.013
0.3  24.6421
0.3  25.013
0.3  24.6421
0.3  25.0603
0.3  24.2296
0.3  25.0603
0.3  24.2296
0.3  24.524
0.3  25.164
0.3  24.524
0.3  25.164
0.3  24.4539
0.3  24.4539
0.3  25.164
0.3  25.164
0.3  24.9769
0.3  24.9769
0.3  24.9769
0.3  24.1664
0.3  24.9769
0.3  24.1664
0.3  24.3675
0.3  24.4845
0.3  24.3675
0.3  24.4845
0.3  24.3888
0.3  24.3888
0.3  24.4922
0.3  24.4922
0.3  24.3888
0.3  24.4922
0.3  24.3888
0.3  24.4922
0.3  23.1607
0.3  23.1607
0.3  23.1607
0.3  22.4678
0.3  23.1607
0.3  22.4678
0.3  22.8552
0.3  22.8552
0.3  22.8552
0.3  22.49
0.3  22.8552
0.3  22.49
0.3  22.6303
0.3  22.6303
0.3  21.0237
0.3  22.6303
0.3  21.0237
0.3  22.6303
0.3  21.2139
0.3  21.2139
0.3  21.3711
0.3  21.3711
0.3  21.1513
0.3  21.1513
0.3  20.0606
0.3  21.897
0.3  21.897
0.3  20.0606
0.3  22.3181
0.3  22.3181
0.3  22.3181
0.3  22.3181
0.3  22.0254
0.3  21.8753
0.3  22.0254
0.3  21.8753
0.3  22.0254
0.3  21.8753
0.3  22.0254
0.3  21.8753
0.3  0.593256
0.3  21.2144
0.3  0.593256
0.3  21.2144
0.3  21.2144
0.3  21.2144
0.3  18.8855
0.3  18.8855
0.3  1.16513
0.3  18.86
0.3  1.16513
0.3  18.86
0.3  3.35771
0.3  3.35771
0.3  17.9964
0.3  17.9964
0.3  18.5756
0.3  18.5756
0.3  18.3823
0.3  18.3823
0.3  17.3853
0.3  17.3853
0.3  17.162
0.3  17.162
0.3  18.8382
0.3  18.8382
0.3  17.4531
0.3  18.8382
0.3  18.8382
0.3  17.4531
0.3  18.2472
0.3  18.2472
0.3  4.52882
0.3  18.2472
0.3  4.52882
0.3  18.2472
0.3  16.9293
0.3  16.7799
0.3  16.9293
0.3  16.7799
0.3  3.99271
0.3  3.99271
0.3  3.99271
0.3  3.99271
0.3  6.94039
0.3  6.94039
0.3  7.17185
0.3  7.17185
0.3  5.22923
0.3  5.22923
0.3  5.22923
0.3  5.22923
0.3  6.59442
0.3  6.59442
0.3  6.1027
0.3  16.2029
0.3  6.1027
0.3  16.2029
0.3  6.1027
0.3  6.1027
0.3  16.2029
0.3  16.2029
0.3  15.3714
0.3  15.206
0.3  15.3714
0.3  15.206
0.3  15.5873
0.3  14.3513
0.3  15.5873
0.3  14.3513
0.3  15.577
0.3  15.577
0.3  15.577
0.3  8.60408
0.3  15.577
0.3  8.60408
0.3  8.88669
0.3  8.88669
0.3  7.83375
0.3  7.83375
0.3  7.83375
0.3  7.83375
0.3  9.59839
0.3  8.73228
0.3  9.59839
0.3  8.73228
0.3  9.07341
0.3  8.89442
0.3  9.07341
0.3  8.89442
0.3  8.58072
0.3  8.58072
0.3  9.46111
0.3  8.58072
0.3  9.46111
0.3  8.58072
0.3  14.0373
0.3  13.9857
0.3  13.9857
0.3  14.0373
0.3  14.5261
0.3  14.5261
0.3  14.5261
0.3  10.7697
0.3  14.5261
0.3  10.7697
0.3  13.6307
0.3  13.6307
0.3  9.75193
0.3  10.1121
0.3  9.75193
0.3  10.1121
0.3  9.75193
0.3  10.1121
0.3  9.75193
0.3  10.1121
0.3  11.4514
0.3  12.0531
0.3  11.4514
0.3  12.0531
0.3  11.041
0.3  11.041
0.3  12.3049
0.3  12.3049
0.3  13.5191
0.3  13.5191
0.3  13.5191
0.3  13.5191
0.3  13.3807
0.3  13.3807
0.3  13.3807
0.3  13.3807
0.3  11.1769
0.3  11.1769
0.3  11.1769
0.3  11.1769
0.3  11.5365
0.3  11.5365
0.3  11.5365
0.3  11.5365
0.3  12.3883
0.3  12.3883
0.3  12.5267
0.3  12.5267
0.3  12.6432
0.3  12.6432
0.3  12.6432
0.3  12.6432
0.3  12.5107
0.3  12.5107
0.3  12.5107
0.3  12.5107
0.35  27.1639
0.35  27.1639
0.35  27.1137
0.35  27.1137
0.35  26.8139
0.35  26.4829
0.35  26.8139
0.35  26.4829
0.35  26.9624
0.35  26.9624
0.35  26.9624
0.35  25.8189
0.35  26.9624
0.35  25.8189
0.35  26.728
0.35  26.6127
0.35  26.728
0.35  26.6127
0.35  26.728
0.35  26.6127
0.35  26.6127
0.35  26.728
0.35  25.7224
0.35  25.7348
0.35  25.7224
0.35  25.7348
0.35  0.692131
0.35  0.692131
0.35  25.2543
0.35  25.2543
0.35  25.1813
0.35  25.1813
0.35  25.041
0.35  25.041
0.35  25.1058
0.35  25.1058
0.35  25.2277
0.35  25.2277
0.35  24.66
0.35  24.66
0.35  25.2277
0.35  25.2277
0.35  24.9355
0.35  24.9355
0.35  24.9355
0.35  24.4406
0.35  24.4406
0.35  24.9355
0.35  24.4707
0.35  24.4707
0.35  24.2322
0.35  24.2322
0.35  24.3768
0.35  24.3768
0.35  24.1462
0.35  24.1462
0.35  1.35932
0.35  1.35932
0.35  24.2975
0.35  24.2975
0.35  3.25941
0.35  3.25941
0.35  24.4742
0.35  24.3254
0.35  24.3254
0.35  24.4742
0.35  24.4742
0.35  24.3254
0.35  24.4742
0.35  24.3254
0.35  23.2421
0.35  23.2421
0.35  23.2421
0.35  22.551
0.35  23.2421
0.35  22.551
0.35  22.8978
0.35  22.8978
0.35  22.5869
0.35  22.8978
0.35  22.5869
0.35  22.8978
0.35  22.7139
0.35  22.7139
0.35  22.7139
0.35  22.7139
0.35  22.3102
0.35  22.3102
0.35  22.3102
0.35  21.986
0.35  22.3102
0.35  21.986
0.35  20.9924
0.35  21.4539
0.35  20.9924
0.35  21.4539
0.35  21.1269
0.35  19.9629
0.35  21.1269
0.35  19.9629
0.35  21.881
0.35  21.881
0.35  21.881
0.35  21.881
0.35  21.9201
0.35  21.9201
0.35  21.9201
0.35  21.9201
0.35  21.0265
0.35  21.0265
0.35  21.1013
0.35  21.1013
0.35  21.1013
0.35  4.62533
0.35  21.1013
0.35  4.62533
0.35  4.00953
0.35  4.00953
0.35  18.9852
0.35  18.9852
0.35  4.00953
0.35  4.00953
0.35  18.9282
0.35  17.9536
0.35  18.9282
0.35  17.9536
0.35  5.16357
0.35  5.16357
0.35  6.88299
0.35  5.16357
0.35  6.88299
0.35  5.16357
0.35  7.19084
0.35  7.19084
0.35  18.5512
0.35  18.5512
0.35  17.2699
0.35  17.172
0.35  17.2699
0.35  17.172
0.35  18.9288
0.35  18.9288
0.35  18.2988
0.35  18.9288
0.35  18.2988
0.35  18.9288
0.35  17.5544
0.35  17.5544
0.35  6.40136
0.35  18.3235
0.35  6.40136
0.35  18.3235
0.35  18.3235
0.35  18.3235
0.35  17.0308
0.35  17.0308
0.35  6.18187
0.35  16.867
0.35  16.867
0.35  6.18187
0.35  6.18187
0.35  6.18187
0.35  8.52798
0.35  8.52798
0.35  7.86409
0.35  7.86409
0.35  7.86409
0.35  7.86409
0.35  8.93824
0.35  8.93824
0.35  8.73522
0.35  9.68652
0.35  8.73522
0.35  9.68652
0.35  8.4859
0.35  8.4859
0.35  8.4859
0.35  8.4859
0.35  9.08397
0.35  9.049
0.35  9.08397
0.35  9.049
0.35  10.7062
0.35  10.7062
0.35  16.1219
0.35  16.1219
0.35  16.1219
0.35  16.1219
0.35  14.4255
0.35  15.2685
0.35  14.4255
0.35  15.2685
0.35  15.509
0.35  15.509
0.35  15.3177
0.35  15.3177
0.35  9.5018
0.35  9.5018
0.35  15.4882
0.35  15.4882
0.35  15.4882
0.35  15.4882
0.35  11.5007
0.35  11.5007
0.35  10.9805
0.35  10.9805
0.35  9.99265
0.35  9.84788
0.35  9.99265
0.35  9.84788
0.35  9.99265
0.35  9.84788
0.35  9.99265
0.35  9.84788
0.35  11.9869
0.35  11.9869
0.35  14.0575
0.35  14.0575
0.35  14.5118
0.35  14.5118
0.35  13.8957
0.35  14.5118
0.35  13.8957
0.35  14.5118
0.35  12.2947
0.35  12.2947
0.35  11.1936
0.35  11.1936
0.35  11.1936
0.35  13.5179
0.35  11.1936
0.35  13.5179
0.35  12.4081
0.35  12.4081
0.35  12.6041
0.35  12.6041
0.35  13.6097
0.35  13.6097
0.35  13.6097
0.35  13.6097
0.35  11.6184
0.35  11.6184
0.35  13.4436
0.35  11.6184
0.35  13.4436
0.35  13.4436
0.35  11.6184
0.35  13.4436
0.35  12.4368
0.35  12.4368
0.35  12.6197
0.35  12.6197
0.35  12.6197
0.35  12.4368
0.35  12.6197
0.35  12.4368
0.4  27.1586
0.4  27.1586
0.4  26.8346
0.4  27.093
0.4  26.8346
0.4  27.093
0.4  26.4569
0.4  26.4569
0.4  26.9734
0.4  26.9734
0.4  26.7463
0.4  26.9734
0.4  26.7463
0.4  26.9734
0.4  26.7463
0.4  26.7463
0.4  26.5746
0.4  26.5746
0.4  26.5746
0.4  25.8383
0.4  26.5746
0.4  25.8383
0.4  0.791005
0.4  0.791005
0.4  25.8176
0.4  25.8176
0.4  25.7151
0.4  25.7151
0.4  3.16104
0.4  1.5535
0.4  3.16104
0.4  1.5535
0.4  25.256
0.4  25.256
0.4  25.1642
0.4  25.0672
0.4  25.1642
0.4  25.0672
0.4  25.1494
0.4  24.6782
0.4  25.1494
0.4  24.6782
0.4  25.2911
0.4  25.2911
0.4  25.2911
0.4  25.2911
0.4  24.4154
0.4  24.4277
0.4  24.4277
0.4  24.4154
0.4  24.8891
0.4  24.8891
0.4  24.8891
0.4  24.8891
0.4  24.2352
0.4  24.2352
0.4  24.123
0.4  24.123
0.4  24.2257
0.4  24.2257
0.4  24.2677
0.4  24.2677
0.4  24.4532
0.4  24.4532
0.4  24.4532
0.4  24.4532
0.4  24.2623
0.4  24.2623
0.4  24.2623
0.4  22.6354
0.4  24.2623
0.4  22.6354
0.4  23.3216
0.4  23.3216
0.4  23.3216
0.4  23.3216
0.4  22.6812
0.4  22.6812
0.4  22.9416
0.4  22.9416
0.4  22.807
0.4  22.807
0.4  22.9416
0.4  22.807
0.4  22.9416
0.4  22.807
0.4  22.2928
0.4  22.2928
0.4  22.0787
0.4  22.0787
0.4  22.2928
0.4  22.2928
0.4  21.0383
0.4  21.0383
0.4  21.5439
0.4  21.5439
0.4  20.9566
0.4  20.9566
0.4  21.8876
0.4  21.8876
0.4  21.8876
0.4  21.8876
0.4  21.8131
0.4  21.8131
0.4  21.8131
0.4  21.8131
0.4  20.9
0.4  20.9
0.4  19.8603
0.4  19.8603
0.4  20.988
0.4  20.988
0.4  20.988
0.4  20.988
0.4  19.0864
0.4  19.0864
0.4  18.9987
0.4  18.9987
0.4  4.7216
0.4  17.9096
0.4  4.7216
0.4  17.9096
0.4  18.5232
0.4  18.5232
0.4  19.0267
0.4  19.0267
0.4  19.0267
0.4  18.208
0.4  18.208
0.4  19.0267
0.4  17.6643
0.4  17.1836
0.4  17.6643
0.4  17.1836
0.4  17.1535
0.4  18.4059
0.4  17.1535
0.4  18.4059
0.4  18.4059
0.4  18.4059
0.4  16.9553
0.4  17.1351
0.4  17.1351
0.4  16.9553
0.4  4.02882
0.4  4.02882
0.4  4.02882
0.4  4.02882
0.4  6.82025
0.4  6.82025
0.4  5.09914
0.4  6.20816
0.4  5.09914
0.4  6.20816
0.4  5.09914
0.4  5.09914
0.4  7.21266
0.4  7.21266
0.4  6.26191
0.4  16.0356
0.4  6.26191
0.4  16.0356
0.4  6.26191
0.4  16.0356
0.4  6.26191
0.4  16.0356
0.4  15.43
0.4  15.4306
0.4  15.43
0.4  15.4306
0.4  15.1638
0.4  15.1638
0.4  14.5064
0.4  14.5064
0.4  15.3908
0.4  15.3908
0.4  15.3908
0.4  15.3908
0.4  14.0806
0.4  8.45318
0.4  14.0806
0.4  8.45318
0.4  7.89896
0.4  7.89896
0.4  7.89896
0.4  8.99424
0.4  7.89896
0.4  8.99424
0.4  8.73865
0.4  8.73865
0.4  8.39119
0.4  8.39119
0.4  8.39119
0.4  8.39119
0.4  9.02572
0.4  9.02572
0.4  10.6418
0.4  10.6418
0.4  9.27304
0.4  9.27304
0.4  9.77525
0.4  9.77525
0.4  14.4953
0.4  14.4953
0.4  14.4953
0.4  14.4953
0.4  9.54384
0.4  9.54384
0.4  13.8078
0.4  13.8078
0.4  11.9153
0.4  11.5487
0.4  11.9153
0.4  11.5487
0.4  12.2828
0.4  12.2828
0.4  13.3947
0.4  13.3947
0.4  10.9175
0.4  10.9175
0.4  9.94385
0.4  9.94385
0.4  9.94385
0.4  9.94385
0.4  9.87483
0.4  9.87483
0.4  9.87483
0.4  9.87483
0.4  12.6866
0.4  12.6866
0.4  12.4309
0.4  12.4309
0.4  11.2129
0.4  11.2129
0.4  11.2129
0.4  11.2129
0.4  13.7014
0.4  13.7014
0.4  13.7014
0.4  13.7014
0.4  13.5054
0.4  13.5054
0.4  11.6786
0.4  11.6786
0.4  13.5054
0.4  11.6786
0.4  13.5054
0.4  11.6786
0.4  12.6175
0.4  12.6175
0.4  12.6175
0.4  12.6175
0.4  12.3643
0.4  12.3643
0.4  12.3643
0.4  12.3643
0.45  27.1525
0.45  27.1525
0.45  26.8547
0.45  26.8547
0.45  27.0696
0.45  27.0696
0.45  26.4307
0.45  26.4307
0.45  26.7657
0.45  26.7657
0.45  26.9825
0.45  26.9825
0.45  26.9825
0.45  26.9825
0.45  26.7657
0.45  26.7657
0.45  26.535
0.45  25.8591
0.45  26.535
0.45  25.8591
0.45  26.535
0.45  26.535
0.45  25.8984
0.45  25.7068
0.45  25.8984
0.45  25.7068
0.45  0.889878
0.45  25.2578
0.45  0.889878
0.45  25.2578
0.45  25.146
0.45  25.0914
0.45  25.146
0.45  25.0914
0.45  25.3541
0.45  25.3541
0.45  25.1912
0.45  25.3541
0.45  25.1912
0.45  25.3541
0.45  3.06261
0.45  24.6968
0.45  3.06261
0.45  24.6968
0.45  24.8384
0.45  1.74769
0.45  24.8384
0.45  24.8384
0.45  1.74769
0.45  24.8384
0.45  24.3583
0.45  24.3583
0.45  24.4152
0.45  24.4152
0.45  24.2387
0.45  24.2387
0.45  24.0966
0.45  24.0966
0.45  24.1574
0.45  24.1521
0.45  24.1574
0.45  24.1521
0.45  24.4294
0.45  24.4294
0.45  24.4294
0.45  24.4294
0.45  24.1996
0.45  24.1996
0.45  24.1996
0.45  24.1996
0.45  23.3991
0.45  23.3991
0.45  22.7202
0.45  23.3991
0.45  22.7202
0.45  23.3991
0.45  22.7731
0.45  22.9865
0.45  22.9865
0.45  22.9865
0.45  22.7731
0.45  22.9865
0.45  22.9038
0.45  22.9038
0.45  22.9038
0.45  22.9038
0.45  22.1737
0.45  22.1737
0.45  22.2713
0.45  22.2713
0.45  22.2713
0.45  22.2713
0.45  20.9485
0.45  20.9485
0.45  20.9163
0.45  20.9163
0.45  21.6401
0.45  21.6401
0.45  21.895
0.45  21.895
0.45  21.895
0.45  21.7045
0.45  21.895
0.45  21.7045
0.45  21.7045
0.45  20.7718
0.45  21.7045
0.45  20.7718
0.45  19.754
0.45  19.188
0.45  19.754
0.45  19.188
0.45  20.8744
0.45  20.8744
0.45  20.8744
0.45  20.8744
0.45  19.0711
0.45  19.0711
0.45  4.8176
0.45  19.1305
0.45  4.8176
0.45  19.1305
0.45  17.8652
0.45  19.1305
0.45  17.8652
0.45  19.1305
0.45  18.111
0.45  18.111
0.45  18.4915
0.45  18.4915
0.45  17.7815
0.45  17.7815
0.45  17.1967
0.45  17.1967
0.45  18.4935
0.45  18.4935
0.45  18.4935
0.45  17.0363
0.45  18.4935
0.45  17.0363
0.45  4.05054
0.45  17.2414
0.45  17.2414
0.45  4.05054
0.45  4.05054
0.45  4.05054
0.45  6.75295
0.45  6.75295
0.45  5.03598
0.45  5.03598
0.45  6.01484
0.45  5.03598
0.45  6.01484
0.45  5.03598
0.45  7.23728
0.45  7.23728
0.45  17.0438
0.45  17.0438
0.45  6.34282
0.45  6.34282
0.45  6.34282
0.45  6.34282
0.45  8.37973
0.45  8.37973
0.45  7.93831
0.45  7.93831
0.45  7.93831
0.45  7.93831
0.45  9.05388
0.45  9.05388
0.45  8.74258
0.45  8.74258
0.45  8.29669
0.45  8.29669
0.45  8.29669
0.45  9.00354
0.45  8.29669
0.45  9.00354
0.45  9.86454
0.45  9.86454
0.45  15.9454
0.45  9.46158
0.45  9.46158
0.45  9.58723
0.45  10.5765
0.45  9.58723
0.45  10.5765
0.45  15.9454
0.45  15.5446
0.45  15.9454
0.45  15.5446
0.45  15.9454
0.45  15.351
0.45  14.5929
0.45  15.351
0.45  14.5929
0.45  15.0576
0.45  15.0576
0.45  15.2861
0.45  15.2861
0.45  15.2861
0.45  15.2861
0.45  9.75885
0.45  10.0397
0.45  10.0397
0.45  9.75885
0.45  10.0397
0.45  9.75885
0.45  9.75885
0.45  10.0397
0.45  10.8529
0.45  14.1068
0.45  10.8529
0.45  14.1068
0.45  14.4767
0.45  14.4767
0.45  14.4767
0.45  14.4767
0.45  11.5955
0.45  11.5955
0.45  11.8392
0.45  11.8392
0.45  13.2625
0.45  13.7219
0.45  13.2625
0.45  13.7219
0.45  13.794
0.45  13.794
0.45  13.794
0.45  13.794
0.45  13.5661
0.45  13.5661
0.45  13.5661
0.45  13.5661
0.45  12.7731
0.45  12.7731
0.45  12.2694
0.45  12.2694
0.45  11.2347
0.45  11.2347
0.45  11.2347
0.45  11.2347
0.45  12.4566
0.45  12.4566
0.45  11.7121
0.45  11.7121
0.45  11.7121
0.45  11.7121
0.45  12.6416
0.45  12.6416
0.45  12.6416
0.45  12.6416
0.45  12.2935
0.45  12.2935
0.45  12.2935
0.45  12.2935
0.5  27.1458
0.5  27.1458
0.5  26.8744
0.5  26.8744
0.5  27.0434
0.5  27.0434
0.5  26.4043
0.5  26.4043
0.5  26.9896
0.5  26.7856
0.5  26.9896
0.5  26.7856
0.5  26.9896
0.5  26.7856
0.5  26.9896
0.5  26.7856
0.5  26.4938
0.5  25.8811
0.5  26.4938
0.5  25.8811
0.5  26.4938
0.5  26.4938
0.5  25.9769
0.5  25.9769
0.5  0.98875
0.5  25.6975
0.5  0.98875
0.5  25.6975
0.5  25.2594
0.5  25.2594
0.5  25.1138
0.5  25.127
0.5  25.1138
0.5  25.127
0.5  25.2312
0.5  25.2312
0.5  25.4167
0.5  25.4167
0.5  25.4167
0.5  25.4167
0.5  24.7156
0.5  24.7156
0.5  2.96412
0.5  2.96412
0.5  24.7837
0.5  1.94187
0.5  24.7837
0.5  1.94187
0.5  24.7837
0.5  24.2993
0.5  24.7837
0.5  24.2993
0.5  24.2425
0.5  24.403
0.5  24.2425
0.5  24.403
0.5  24.0458
0.5  24.0458
0.5  24.0767
0.5  24.0767
0.5  24.0673
0.5  24.0673
0.5  24.4024
0.5  24.4024
0.5  24.4024
0.5  24.4024
0.5  24.1373
0.5  24.1373
0.5  24.1373
0.5  24.1373
0.5  22.8052
0.5  22.8052
0.5  23.4748
0.5  23.4748
0.5  23.4748
0.5  23.4748
0.5  22.8624
0.5  22.8624
0.5  23.0325
0.5  23.0325
0.5  23.0325
0.5  23.0325
0.5  23.0019
0.5  23.0019
0.5  23.0019
0.5  23.0019
0.5  22.2703
0.5  22.2703
0.5  20.8717
0.5  20.8582
0.5  20.8717
0.5  20.8582
0.5  22.2483
0.5  22.2483
0.5  21.7412
0.5  22.2483
0.5  21.7412
0.5  22.2483
0.5  21.9033
0.5  21.9033
0.5  21.9033
0.5  21.9033
0.5  21.5944
0.5  21.5944
0.5  21.5944
0.5  21.5944
0.5  20.6419
0.5  20.6419
0.5  20.7606
0.5  20.7606
0.5  20.7606
0.5  20.7606
0.5  19.6448
0.5  19.6448
0.5  19.2893
0.5  19.2893
0.5  19.1453
0.5  19.1453
0.5  4.07466
0.5  19.2389
0.5  19.2389
0.5  19.2389
0.5  19.2389
0.5  17.8212
0.5  18.4563
0.5  17.8212
0.5  18.4563
0.5  18.0089
0.5  18.0089
0.5  17.9044
0.5  17.9044
0.5  17.2114
0.5  17.2114
0.5  18.5853
0.5  18.5853
0.5  18.5853
0.5  18.5853
0.5  16.9186
0.5  16.9186
0.5  17.3496
0.5  17.3496
0.5  17.1318
0.5  17.1318
0.5  4.91331
0.5  4.07466
0.5  4.07466
0.5  4.91331
0.5  4.07466
0.5  5.82141
0.5  5.82141
0.5  6.68177
0.5  6.68177
0.5  4.9741
0.5  4.9741
0.5  4.9741
0.5  4.9741
0.5  6.42456
0.5  6.42456
0.5  7.26467
0.5  6.42456
0.5  7.26467
0.5  6.42456
0.5  15.6597
0.5  15.6597
0.5  15.8522
0.5  15.8522
0.5  15.8522
0.5  15.8522
0.5  14.6841
0.5  15.2727
0.5  14.6841
0.5  15.2727
0.5  8.3077
0.5  14.9505
0.5  8.3077
0.5  14.9505
0.5  9.11647
0.5  9.11647
0.5  7.98208
0.5  7.98208
0.5  7.98208
0.5  8.74704
0.5  7.98208
0.5  8.74704
0.5  8.20246
0.5  8.20246
0.5  8.20246
0.5  8.98244
0.5  8.20246
0.5  8.98244
0.5  10.5103
0.5  15.1751
0.5  10.5103
0.5  15.1751
0.5  15.1751
0.5  15.1751
0.5  9.95434
0.5  9.95434
0.5  10.7874
0.5  10.7874
0.5  11.6409
0.5  11.6409
0.5  11.7595
0.5  11.7595
0.5  9.63197
0.5  9.63197
0.5  10.1354
0.5  10.1354
0.5  10.1354
0.5  9.64956
0.5  10.1354
0.5  9.64956
0.5  9.64486
0.5  9.64486
0.5  9.64486
0.5  9.64486
0.5  14.136
0.5  14.136
0.5  13.1227
0.5  12.2545
0.5  13.1227
0.5  12.2545
0.5  12.863
0.5  12.863
0.5  14.4559
0.5  14.4559
0.5  12.4853
0.5  14.4559
0.5  12.4853
0.5  14.4559
0.5  13.6382
0.5  13.6382
0.5  11.259
0.5  11.259
0.5  11.259
0.5  11.259
0.5  13.8876
0.5  13.8876
0.5  13.8876
0.5  13.8876
0.5  11.7175
0.5  11.7175
0.5  12.6934
0.5  12.6934
0.5  12.6934
0.5  11.7175
0.5  12.6934
0.5  11.7175
0.5  13.6256
0.5  12.2242
0.5  12.2242
0.5  12.2242
0.5  12.2242
0.5  13.6256
0.5  13.6256
0.5  13.6256
0.55  27.1383
0.55  27.1383
0.55  26.8935
0.55  26.8935
0.55  27.0145
0.55  26.9948
0.55  27.0145
0.55  26.9948
0.55  26.3778
0.55  26.9948
0.55  26.3778
0.55  26.9948
0.55  26.8057
0.55  26.8057
0.55  26.8057
0.55  25.9041
0.55  26.8057
0.55  25.9041
0.55  26.4511
0.55  26.4511
0.55  26.4511
0.55  26.0533
0.55  26.0533
0.55  26.4511
0.55  25.687
0.55  1.08762
0.55  25.687
0.55  1.08762
0.55  25.2607
0.55  25.2607
0.55  25.1344
0.55  25.1073
0.55  25.1344
0.55  25.1073
0.55  25.4788
0.55  25.2694
0.55  25.4788
0.55  25.4788
0.55  25.2694
0.55  25.4788
0.55  24.7348
0.55  24.7348
0.55  24.7256
0.55  24.7256
0.55  24.7256
0.55  24.3912
0.55  24.3912
0.55  24.7256
0.55  24.2467
0.55  24.2467
0.55  24.2386
0.55  24.2386
0.55  22.8899
0.55  22.8899
0.55  23.9331
0.55  23.9331
0.55  23.9995
0.55  23.9995
0.55  24.0348
0.55  24.0348
0.55  24.3723
0.55  24.3723
0.55  24.3723
0.55  24.3723
0.55  24.0754
0.55  24.0754
0.55  24.0754
0.55  24.0754
0.55  23.5485
0.55  23.5485
0.55  2.86558
0.55  2.86558
0.55  23.5485
0.55  23.5485
0.55  22.9491
0.55  22.9491
0.55  2.13604
0.55  2.13604
0.55  22.3677
0.55  22.3677
0.55  23.0796
0.55  23.1001
0.55  23.1001
0.55  23.0796
0.55  23.0796
0.55  23.1001
0.55  23.0796
0.55  23.1001
0.55  21.8464
0.55  20.8229
0.55  21.8464
0.55  20.8229
0.55  22.2247
0.55  22.2247
0.55  20.7674
0.55  22.2247
0.55  20.7674
0.55  22.2247
0.55  21.9125
0.55  21.9125
0.55  21.9125
0.55  21.9125
0.55  21.4828
0.55  21.4828
0.55  21.4828
0.55  21.4828
0.55  20.5105
0.55  20.5105
0.55  19.3898
0.55  19.2211
0.55  19.3898
0.55  19.2211
0.55  20.6468
0.55  20.6468
0.55  20.6468
0.55  20.6468
0.55  19.5335
0.55  19.5335
0.55  19.3509
0.55  19.3509
0.55  17.7779
0.55  19.3509
0.55  17.7779
0.55  19.3509
0.55  16.8006
0.55  16.8006
0.55  18.4176
0.55  18.4176
0.55  17.2276
0.55  17.2276
0.55  18.032
0.55  18.032
0.55  17.9026
0.55  17.9026
0.55  18.6806
0.55  18.6806
0.55  18.6806
0.55  18.6806
0.55  17.4594
0.55  17.4594
0.55  17.2189
0.55  5.00871
0.55  5.00871
0.55  17.2189
0.55  4.1011
0.55  4.1011
0.55  4.1011
0.55  4.1011
0.55  5.62789
0.55  6.6073
0.55  5.62789
0.55  6.6073
0.55  4.91356
0.55  4.91356
0.55  4.91356
0.55  7.29477
0.55  4.91356
0.55  7.29477
0.55  6.50712
0.55  6.50712
0.55  6.50712
0.55  6.50712
0.55  8.23714
0.55  15.7759
0.55  8.23714
0.55  15.7759
0.55  14.7794
0.55  14.7794
0.55  15.1956
0.55  15.1956
0.55  15.7567
0.55  15.7567
0.55  9.18145
0.55  15.7567
0.55  9.18145
0.55  15.7567
0.55  8.75204
0.55  8.96239
0.55  8.75204
0.55  8.96239
0.55  8.03019
0.55  8.10856
0.55  8.03019
0.55  8.10856
0.55  8.03019
0.55  8.10856
0.55  8.03019
0.55  8.10856
0.55  14.8427
0.55  14.8427
0.55  10.0446
0.55  10.4434
0.55  10.0446
0.55  10.4434
0.55  9.67807
0.55  9.83691
0.55  9.67807
0.55  9.83691
0.55  15.0589
0.55  9.53302
0.55  15.0589
0.55  9.53302
0.55  15.0589
0.55  15.0589
0.55  9.53302
0.55  9.53302
0.55  10.7216
0.55  10.7216
0.55  14.433
0.55  14.1681
0.55  14.1681
0.55  14.433
0.55  14.433
0.55  14.433
0.55  12.2379
0.55  12.2379
0.55  13.5568
0.55  13.5568
0.55  12.9765
0.55  12.9765
0.55  12.9558
0.55  12.9558
0.55  13.9821
0.55  13.9821
0.55  13.9821
0.55  13.9821
0.55  13.6836
0.55  13.6836
0.55  13.6836
0.55  13.6836
0.55  12.517
0.55  12.517
0.55  11.6769
0.55  11.6769
0.55  11.6851
0.55  11.6851
0.55  10.2308
0.55  10.2308
0.55  10.2308
0.55  10.2308
0.55  12.7697
0.55  12.7697
0.55  11.2858
0.55  11.2858
0.55  12.7697
0.55  12.7697
0.55  11.2858
0.55  11.2858
0.55  12.1567
0.55  12.1567
0.55  12.1567
0.55  12.1567
0.55  11.698
0.55  11.698
0.55  11.698
0.55  11.698
0.6  27.1302
0.6  27.1302
0.6  26.9122
0.6  26.9122
0.6  26.983
0.6  26.983
0.6  26.9982
0.6  26.9982
0.6  26.3511
0.6  26.9982
0.6  26.3511
0.6  26.9982
0.6  26.8258
0.6  26.8258
0.6  25.9278
0.6  26.8258
0.6  25.9278
0.6  26.8258
0.6  26.4069
0.6  26.4069
0.6  26.1274
0.6  26.4069
0.6  26.1274
0.6  26.4069
0.6  25.6754
0.6  25.2618
0.6  25.6754
0.6  25.2618
0.6  25.1532
0.6  25.0871
0.6  25.1532
0.6  25.0871
0.6  25.5403
0.6  25.5403
0.6  25.3059
0.6  25.5403
0.6  25.3059
0.6  25.5403
0.6  24.7542
0.6  1.18649
0.6  24.7542
0.6  1.18649
0.6  24.3799
0.6  24.2514
0.6  24.3799
0.6  24.2514
0.6  24.6646
0.6  24.6646
0.6  24.1761
0.6  24.6646
0.6  24.1761
0.6  24.6646
0.6  24.3387
0.6  24.3387
0.6  24.3387
0.6  24.3387
0.6  23.9206
0.6  23.9994
0.6  23.9206
0.6  23.9994
0.6  23.8193
0.6  23.8193
0.6  22.9743
0.6  22.9743
0.6  24.0141
0.6  24.0141
0.6  24.0141
0.6  23.6203
0.6  24.0141
0.6  23.6203
0.6  23.6203
0.6  23.6203
0.6  23.0332
0.6  22.4656
0.6  23.0332
0.6  22.4656
0.6  23.1977
0.6  23.1977
0.6  23.1977
0.6  23.1977
0.6  23.1277
0.6  23.1277
0.6  23.1277
0.6  23.1277
0.6  20.7701
0.6  20.7701
0.6  21.9549
0.6  20.6765
0.6  21.9549
0.6  20.6765
0.6  22.2012
0.6  22.2012
0.6  22.2012
0.6  22.2012
0.6  21.9226
0.6  21.9226
0.6  21.9226
0.6  21.9226
0.6  2.767
0.6  21.3699
0.6  2.767
0.6  21.3699
0.6  21.3699
0.6  21.3699
0.6  20.3776
0.6  20.3776
0.6  19.4891
0.6  19.4891
0.6  19.2984
0.6  19.2984
0.6  20.533
0.6  20.533
0.6  20.533
0.6  20.533
0.6  2.33022
0.6  2.33022
0.6  19.4205
0.6  19.4205
0.6  19.4658
0.6  19.4658
0.6  19.4658
0.6  17.7355
0.6  19.4658
0.6  17.7355
0.6  18.3755
0.6  18.3755
0.6  18.1633
0.6  18.1633
0.6  18.779
0.6  18.779
0.6  18.779
0.6  17.2454
0.6  17.2454
0.6  18.779
0.6  16.6825
0.6  17.7928
0.6  16.6825
0.6  17.7928
0.6  17.5704
0.6  17.5704
0.6  17.3048
0.6  17.3048
0.6  5.10376
0.6  5.10376
0.6  4.12984
0.6  4.12984
0.6  4.12984
0.6  5.43428
0.6  4.12984
0.6  5.43428
0.6  4.85438
0.6  4.85438
0.6  4.85438
0.6  6.53
0.6  4.85438
0.6  6.53
0.6  7.32755
0.6  7.32755
0.6  6.59047
0.6  6.59047
0.6  6.59047
0.6  6.59047
0.6  15.8929
0.6  8.16813
0.6  15.8929
0.6  8.16813
0.6  9.24832
0.6  9.24832
0.6  8.75761
0.6  8.75761
0.6  8.01501
0.6  8.01501
0.6  8.01501
0.6  8.01501
0.6  8.08258
0.6  8.08258
0.6  8.94337
0.6  8.08258
0.6  8.94337
0.6  8.08258
0.6  15.6596
0.6  15.6596
0.6  15.6596
0.6  15.6596
0.6  15.1198
0.6  14.8782
0.6  15.1198
0.6  14.8782
0.6  10.1353
0.6  9.72554
0.6  10.1353
0.6  9.72554
0.6  14.7344
0.6  14.7344
0.6  9.42346
0.6  9.42346
0.6  9.42346
0.6  9.42346
0.6  10.0236
0.6  10.0236
0.6  10.3758
0.6  10.3758
0.6  14.9381
0.6  14.9381
0.6  14.9381
0.6  14.9381
0.6  10.6557
0.6  10.6557
0.6  14.2032
0.6  14.2032
0.6  11.592
0.6  14.408
0.6  14.408
0.6  14.408
0.6  14.408
0.6  11.592
0.6  11.7279
0.6  11.7279
0.6  12.2199
0.6  12.2199
0.6  13.4775
0.6  13.4775
0.6  14.0773
0.6  14.0773
0.6  14.0773
0.6  14.0773
0.6  13.051
0.6  13.051
0.6  13.7403
0.6  13.7403
0.6  13.7403
0.6  13.7403
0.6  12.5516
0.6  12.5516
0.6  10.3259
0.6  10.3259
0.6  10.3259
0.6  10.3259
0.6  12.8247
0.6  12.8247
0.6  12.865
0.6  12.865
0.6  12.865
0.6  12.865
0.6  12.0909
0.6  12.0909
0.6  12.0909
0.6  12.0909
0.6  11.3151
0.6  11.3151
0.6  11.3151
0.6  11.3151
0.6  11.6589
0.6  11.6589
0.6  11.6589
0.6  11.6589
0.65  27.1214
0.65  27.1214
0.65  26.9303
0.65  26.9303
0.65  26.9488
0.65  26.9488
0.65  26.9996
0.65  26.9996
0.65  26.3242
0.65  26.9996
0.65  26.3242
0.65  26.9996
0.65  26.8456
0.65  26.8456
0.65  26.8456
0.65  26.8456
0.65  25.9523
0.65  25.9523
0.65  26.1992
0.65  26.1992
0.65  26.3613
0.65  26.3613
0.65  26.3613
0.65  26.3613
0.65  25.6626
0.65  25.2624
0.65  25.6626
0.65  25.2624
0.65  25.1703
0.65  25.1703
0.65  25.0665
0.65  25.0665
0.65  25.3406
0.65  25.3406
0.65  25.6013
0.65  25.6013
0.65  25.6013
0.65  25.6013
0.65  24.7739
0.65  24.7739
0.65  24.3689
0.65  24.2564
0.65  24.3689
0.65  24.2564
0.65  24.6012
0.65  24.6012
0.65  24.1119
0.65  24.6012
0.65  24.6012
0.65  24.1119
0.65  24.3015
0.65  24.3015
0.65  24.3015
0.65  23.058
0.65  24.3015
0.65  23.058
0.65  22.5636
0.65  22.5636
0.65  23.84
0.65  23.9609
0.65  23.84
0.65  23.9609
0.65  23.9533
0.65  23.9533
0.65  23.9533
0.65  23.9533
0.65  23.7046
0.65  23.7046
0.65  23.6904
0.65  23.6904
0.65  23.6904
0.65  23.6904
0.65  23.1146
0.65  23.1146
0.65  23.2943
0.65  23.2943
0.65  23.2943
0.65  23.2943
0.65  23.1767
0.65  23.1767
0.65  23.1767
0.65  23.1767
0.65  22.0661
0.65  22.0661
0.65  20.7133
0.65  20.7133
0.65  20.5857
0.65  20.5857
0.65  22.178
0.65  22.178
0.65  1.28535
0.65  1.28535
0.65  22.178
0.65  22.178
0.65  21.9336
0.65  21.9336
0.65  21.9336
0.65  21.9336
0.65  21.2556
0.65  21.2556
0.65  21.2556
0.65  2.66838
0.65  21.2556
0.65  2.66838
0.65  20.2434
0.65  2.52438
0.65  20.2434
0.65  2.52438
0.65  20.4192
0.65  20.4192
0.65  20.4192
0.65  20.4192
0.65  19.3771
0.65  19.3771
0.65  19.5871
0.65  19.5871
0.65  19.3061
0.65  19.3061
0.65  19.5829
0.65  19.5829
0.65  19.5829
0.65  19.5829
0.65  18.2976
0.65  18.33
0.65  18.2976
0.65  18.33
0.65  18.8798
0.65  18.8798
0.65  18.8798
0.65  18.8798
0.65  17.2647
0.65  17.6943
0.65  17.2647
0.65  17.6943
0.65  16.5644
0.65  17.6803
0.65  16.5644
0.65  17.6803
0.65  17.3893
0.65  17.6827
0.65  17.3893
0.65  17.6827
0.65  4.16079
0.65  5.19842
0.65  4.16079
0.65  5.19842
0.65  4.16079
0.65  5.24059
0.65  4.16079
0.65  5.24059
0.65  6.45029
0.65  6.45029
0.65  4.7966
0.65  4.7966
0.65  4.7966
0.65  4.7966
0.65  16.0108
0.65  16.0108
0.65  6.67459
0.65  6.67459
0.65  7.36295
0.65  7.36295
0.65  6.67459
0.65  6.67459
0.65  14.9799
0.65  14.9799
0.65  8.10072
0.65  8.10072
0.65  7.92187
0.65  7.92187
0.65  7.92187
0.65  7.92187
0.65  8.76375
0.65  8.76375
0.65  8.13915
0.65  8.13915
0.65  8.13915
0.65  8.13915
0.65  15.5613
0.65  15.5613
0.65  8.92536
0.65  15.5613
0.65  8.92536
0.65  15.5613
0.65  10.3074
0.65  10.3074
0.65  9.77436
0.65  9.77436
0.65  10.2264
0.65  10.2264
0.65  9.31668
0.65  9.31668
0.65  15.0457
0.65  9.31632
0.65  15.0457
0.65  9.31632
0.65  9.31632
0.65  9.31632
0.65  10.2095
0.65  10.2095
0.65  10.5901
0.65  10.5901
0.65  10.4205
0.65  10.4205
0.65  10.4205
0.65  11.5052
0.65  10.4205
0.65  11.5052
0.65  14.6258
0.65  14.6258
0.65  11.7694
0.65  11.7694
0.65  12.2003
0.65  12.2003
0.65  13.4006
0.65  13.4006
0.65  13.1482
0.65  13.1482
0.65  12.5891
0.65  12.5891
0.65  12.6681
0.65  12.6681
0.65  11.3467
0.65  11.3467
0.65  11.3467
0.65  11.3467
0.65  11.6057
0.65  11.6057
0.65  11.6057
0.65  14.2411
0.65  11.6057
0.65  14.2411
0.65  12.027
0.65  12.027
0.65  12.027
0.65  12.027
0.65  14.8136
0.65  14.8136
0.65  14.8136
0.65  14.8136
0.65  12.9738
0.65  12.9738
0.65  12.9738
0.65  12.9738
0.65  13.7954
0.65  13.7954
0.65  13.7954
0.65  13.7954
0.65  14.1733
0.65  14.3809
0.65  14.1733
0.65  14.3809
0.65  14.1733
0.65  14.3809
0.65  14.1733
0.65  14.3809
0.7  27.1119
0.7  27.1119
0.7  26.9478
0.7  26.9478
0.7  26.9119
0.7  26.8649
0.7  26.8649
0.7  26.9119
0.7  26.9991
0.7  26.9991
0.7  26.9991
0.7  26.9991
0.7  26.8649
0.7  26.2973
0.7  26.8649
0.7  26.2973
0.7  25.9773
0.7  25.9773
0.7  26.2687
0.7  26.2687
0.7  26.3144
0.7  26.3144
0.7  26.3144
0.7  26.3144
0.7  25.2624
0.7  25.6487
0.7  25.2624
0.7  25.6487
0.7  25.1857
0.7  25.1857
0.7  25.0455
0.7  25.0455
0.7  25.3736
0.7  25.3736
0.7  25.6616
0.7  25.6616
0.7  25.6616
0.7  24.7938
0.7  25.6616
0.7  24.7938
0.7  24.3583
0.7  24.3583
0.7  24.2618
0.7  24.2618
0.7  24.046
0.7  24.046
0.7  24.5361
0.7  24.5361
0.7  24.5361
0.7  24.5361
0.7  24.2603
0.7  24.2603
0.7  24.2603
0.7  24.2603
0.7  23.141
0.7  23.141
0.7  23.9193
0.7  23.9193
0.7  22.6613
0.7  22.6613
0.7  23.589
0.7  23.589
0.7  23.8931
0.7  23.8931
0.7  23.8931
0.7  23.7577
0.7  23.8931
0.7  23.7577
0.7  23.7587
0.7  23.7587
0.7  23.1934
0.7  23.7587
0.7  23.1934
0.7  23.7587
0.7  23.3893
0.7  23.3893
0.7  23.3893
0.7  23.3893
0.7  23.2268
0.7  23.2268
0.7  23.2268
0.7  23.2268
0.7  20.6528
0.7  20.6528
0.7  22.1795
0.7  22.1795
0.7  20.4951
0.7  20.4951
0.7  22.1553
0.7  22.1553
0.7  22.1553
0.7  22.1553
0.7  21.9455
0.7  21.9455
0.7  21.9455
0.7  21.9455
0.7  1.38421
0.7  1.38421
0.7  21.1402
0.7  21.1402
0.7  2.56972
0.7  21.1402
0.7  2.56972
0.7  21.1402
0.7  19.4572
0.7  19.6835
0.7  19.4572
0.7  19.6835
0.7  20.1079
0.7  20.1079
0.7  20.3056
0.7  20.3056
0.7  2.71854
0.7  20.3056
0.7  2.71854
0.7  20.3056
0.7  19.1908
0.7  19.1908
0.7  19.7016
0.7  19.7016
0.7  19.7016
0.7  18.4341
0.7  19.7016
0.7  18.4341
0.7  18.9828
0.7  18.9828
0.7  18.2812
0.7  18.9828
0.7  18.2812
0.7  18.9828
0.7  17.6542
0.7  17.2856
0.7  17.6542
0.7  17.2856
0.7  17.7959
0.7  17.7959
0.7  17.5656
0.7  17.5656
0.7  17.4721
0.7  17.4721
0.7  16.4464
0.7  16.4464
0.7  5.29267
0.7  5.29267
0.7  5.04683
0.7  6.36848
0.7  5.04683
0.7  6.36848
0.7  4.19392
0.7  4.19392
0.7  4.19392
0.7  4.19392
0.7  7.40092
0.7  4.74027
0.7  4.74027
0.7  4.74027
0.7  4.74027
0.7  7.40092
0.7  6.75947
0.7  6.75947
0.7  16.1295
0.7  16.1295
0.7  6.75947
0.7  6.75947
0.7  8.03499
0.7  8.03499
0.7  9.38619
0.7  9.38619
0.7  7.82915
0.7  7.82915
0.7  7.82915
0.7  8.77051
0.7  7.82915
0.7  8.77051
0.7  8.90833
0.7  8.90833
0.7  8.19983
0.7  8.19983
0.7  8.19983
0.7  8.19983
0.7  15.0841
0.7  15.0841
0.7  9.82454
0.7  10.2384
0.7  10.2384
0.7  9.82454
0.7  9.21174
0.7  9.21174
0.7  9.21174
0.7  10.3179
0.7  10.3179
0.7  9.21174
0.7  15.4622
0.7  15.4622
0.7  15.4622
0.7  14.9733
0.7  15.4622
0.7  14.9733
0.7  10.3946
0.7  11.417
0.7  10.3946
0.7  11.417
0.7  11.8095
0.7  12.1791
0.7  11.8095
0.7  12.1791
0.7  10.525
0.7  10.525
0.7  10.5146
0.7  10.5146
0.7  10.5146
0.7  10.5146
0.7  12.6295
0.7  12.6295
0.7  12.5075
0.7  12.5075
0.7  13.326
0.7  13.2473
0.7  13.2473
0.7  13.326
0.7  11.3808
0.7  11.5425
0.7  11.5425
0.7  11.3808
0.7  11.5425
0.7  11.5425
0.7  11.3808
0.7  11.3808
0.7  11.9649
0.7  11.9649
0.7  11.9649
0.7  11.9649
0.7  13.092
0.7  13.092
0.7  14.5171
0.7  13.092
0.7  14.5171
0.7  13.092
0.7  14.686
0.7  14.686
0.7  14.686
0.7  14.686
0.7  13.8489
0.7  13.8489
0.7  13.8489
0.7  13.8489
0.7  14.2819
0.7  14.2819
0.7  14.3517
0.7  14.3517
0.7  14.3517
0.7  14.3517
0.7  14.27
0.7  14.27
0.7  14.27
0.7  14.27
0.75  27.1017
0.75  26.9648
0.75  27.1017
0.75  26.9648
0.75  26.8834
0.75  26.8834
0.75  26.9968
0.75  26.9968
0.75  26.8723
0.75  26.9968
0.75  26.8723
0.75  26.9968
0.75  26.8834
0.75  26.2703
0.75  26.8834
0.75  26.2703
0.75  26.0028
0.75  26.0028
0.75  26.3359
0.75  26.3359
0.75  26.2661
0.75  26.2661
0.75  1.48307
0.75  26.2661
0.75  26.2661
0.75  25.2618
0.75  25.2618
0.75  25.1994
0.75  25.1994
0.75  25.6335
0.75  25.6335
0.75  25.0244
0.75  25.4049
0.75  25.0244
0.75  25.4049
0.75  25.7212
0.75  25.7212
0.75  25.7212
0.75  25.7212
0.75  24.814
0.75  24.814
0.75  1.48307
0.75  2.47103
0.75  2.47103
0.75  24.348
0.75  24.2677
0.75  24.348
0.75  24.2677
0.75  23.9784
0.75  23.9784
0.75  24.4699
0.75  24.4699
0.75  24.4699
0.75  24.4699
0.75  24.2148
0.75  24.2148
0.75  24.2148
0.75  23.8748
0.75  24.2148
0.75  23.8748
0.75  23.2231
0.75  22.7585
0.75  23.2231
0.75  22.7585
0.75  23.6738
0.75  22.2945
0.75  23.6738
0.75  22.2945
0.75  23.8253
0.75  23.8334
0.75  23.8253
0.75  23.8334
0.75  23.8334
0.75  23.8253
0.75  23.8334
0.75  23.8253
0.75  23.4726
0.75  23.2694
0.75  23.2694
0.75  23.4726
0.75  23.4826
0.75  23.4826
0.75  23.4826
0.75  23.4826
0.75  23.2777
0.75  23.2777
0.75  23.2777
0.75  23.2777
0.75  22.1334
0.75  22.1334
0.75  20.5886
0.75  22.1334
0.75  22.1334
0.75  20.5886
0.75  21.9582
0.75  21.9582
0.75  21.9582
0.75  21.9582
0.75  20.4047
0.75  20.4047
0.75  21.0236
0.75  21.0236
0.75  21.0236
0.75  2.91269
0.75  2.91269
0.75  21.0236
0.75  19.5385
0.75  19.7781
0.75  19.5385
0.75  19.7781
0.75  19.9712
0.75  19.9712
0.75  20.1921
0.75  20.1921
0.75  20.1921
0.75  20.1921
0.75  19.8215
0.75  19.8215
0.75  19.8215
0.75  19.0748
0.75  19.8215
0.75  19.0748
0.75  18.5723
0.75  18.5723
0.75  17.6155
0.75  17.308
0.75  17.6155
0.75  17.308
0.75  18.2292
0.75  18.2292
0.75  19.0875
0.75  19.0875
0.75  17.9101
0.75  17.9101
0.75  19.0875
0.75  19.0875
0.75  17.449
0.75  17.553
0.75  17.449
0.75  17.553
0.75  16.3286
0.75  5.38646
0.75  16.3286
0.75  5.38646
0.75  6.28487
0.75  4.85301
0.75  6.28487
0.75  4.85301
0.75  4.22917
0.75  4.22917
0.75  4.22917
0.75  4.68543
0.75  4.22917
0.75  4.68543
0.75  4.68543
0.75  4.68543
0.75  16.2488
0.75  16.2488
0.75  7.44141
0.75  7.44141
0.75  6.84508
0.75  15.1906
0.75  15.1906
0.75  6.84508
0.75  7.971
0.75  6.84508
0.75  7.971
0.75  6.84508
0.75  7.73689
0.75  7.73689
0.75  7.73689
0.75  7.73689
0.75  8.77789
0.75  8.89225
0.75  8.77789
0.75  8.89225
0.75  9.45656
0.75  9.45656
0.75  8.26453
0.75  8.26453
0.75  8.26453
0.75  8.26453
0.75  15.3625
0.75  15.3625
0.75  14.9029
0.75  15.3625
0.75  14.9029
0.75  15.3625
0.75  10.1688
0.75  10.1688
0.75  9.10984
0.75  9.10984
0.75  9.10984
0.75  9.87606
0.75  9.10984
0.75  9.87606
0.75  10.4096
0.75  10.4096
0.75  12.1565
0.75  12.1565
0.75  10.4607
0.75  11.8482
0.75  10.4607
0.75  11.8482
0.75  10.5788
0.75  10.5788
0.75  11.3275
0.75  11.3275
0.75  12.6727
0.75  12.3432
0.75  12.3432
0.75  12.6727
0.75  10.6081
0.75  10.6081
0.75  13.348
0.75  10.6081
0.75  13.348
0.75  10.6081
0.75  13.2539
0.75  13.2539
0.75  11.9047
0.75  11.9047
0.75  11.9047
0.75  11.9047
0.75  11.4721
0.75  11.4721
0.75  11.4721
0.75  11.4721
0.75  11.4172
0.75  11.4172
0.75  11.4172
0.75  11.4172
0.75  13.2166
0.75  13.2166
0.75  13.2166
0.75  13.2166
0.75  13.9008
0.75  13.9008
0.75  14.4084
0.75  13.9008
0.75  14.4084
0.75  13.9008
0.75  14.5559
0.75  14.5559
0.75  14.5559
0.75  14.3255
0.75  14.5559
0.75  14.3255
0.75  14.3204
0.75  14.3674
0.75  14.3204
0.75  14.3204
0.75  14.3204
0.75  14.3674
0.75  14.3674
0.75  14.3674
0.8  27.0908
0.8  27.0908
0.8  26.9812
0.8  26.9927
0.8  26.9812
0.8  26.8301
0.8  26.8301
0.8  26.2432
0.8  26.9927
0.8  26.9927
0.8  26.2432
0.8  26.9927
0.8  26.9009
0.8  26.9009
0.8  26.4007
0.8  26.9009
0.8  26.4007
0.8  26.9009
0.8  26.0287
0.8  26.0287
0.8  26.2166
0.8  26.2166
0.8  26.2166
0.8  25.2605
0.8  26.2166
0.8  25.2605
0.8  25.2116
0.8  25.617
0.8  25.2116
0.8  25.617
0.8  25.0031
0.8  25.4346
0.8  25.0031
0.8  25.4346
0.8  25.78
0.8  25.78
0.8  25.78
0.8  25.78
0.8  24.8344
0.8  24.8344
0.8  1.58192
0.8  1.58192
0.8  2.37231
0.8  2.37231
0.8  24.3382
0.8  24.2739
0.8  24.3382
0.8  24.2739
0.8  24.4032
0.8  24.4032
0.8  24.4032
0.8  24.4032
0.8  24.1644
0.8  24.1644
0.8  23.9092
0.8  24.1644
0.8  23.9092
0.8  24.1644
0.8  22.8551
0.8  22.4108
0.8  22.8551
0.8  22.4108
0.8  23.8274
0.8  23.3042
0.8  23.8274
0.8  23.3042
0.8  23.8906
0.8  23.8906
0.8  23.8906
0.8  23.8906
0.8  23.7745
0.8  23.7745
0.8  23.7745
0.8  23.5883
0.8  23.7745
0.8  23.5883
0.8  23.3555
0.8  23.3428
0.8  23.3555
0.8  23.3428
0.8  23.5737
0.8  23.5737
0.8  23.5737
0.8  23.5737
0.8  23.3296
0.8  23.3296
0.8  23.3296
0.8  23.3296
0.8  22.1121
0.8  22.1121
0.8  22.1121
0.8  22.1121
0.8  21.9718
0.8  21.9718
0.8  21.9718
0.8  21.9718
0.8  20.5209
0.8  20.5209
0.8  20.3148
0.8  20.3148
0.8  3.10683
0.8  20.906
0.8  3.10683
0.8  20.906
0.8  20.906
0.8  20.906
0.8  19.621
0.8  19.8707
0.8  19.621
0.8  19.8707
0.8  19.8334
0.8  18.7117
0.8  19.8334
0.8  18.7117
0.8  20.079
0.8  20.079
0.8  20.079
0.8  18.9582
0.8  20.079
0.8  18.9582
0.8  19.9422
0.8  19.9422
0.8  19.9422
0.8  19.9422
0.8  19.1939
0.8  19.1939
0.8  19.1939
0.8  19.1939
0.8  18.1741
0.8  17.5781
0.8  18.1741
0.8  17.5781
0.8  18.025
0.8  5.47975
0.8  18.025
0.8  5.47975
0.8  17.3319
0.8  17.3319
0.8  6.19969
0.8  6.19969
0.8  17.6318
0.8  17.6318
0.8  4.26647
0.8  17.3311
0.8  4.26647
0.8  17.3311
0.8  4.26647
0.8  4.65913
0.8  4.26647
0.8  4.65913
0.8  4.63211
0.8  4.63211
0.8  4.63211
0.8  4.63211
0.8  16.2111
0.8  16.2111
0.8  7.48435
0.8  7.48435
0.8  7.90881
0.8  7.90881
0.8  6.9314
0.8  16.3687
0.8  16.3687
0.8  6.9314
0.8  6.9314
0.8  6.9314
0.8  7.64512
0.8  7.64512
0.8  7.64512
0.8  9.52755
0.8  7.64512
0.8  9.52755
0.8  8.78594
0.8  8.87709
0.8  8.78594
0.8  8.87709
0.8  8.33315
0.8  8.33315
0.8  8.33315
0.8  8.33315
0.8  10.0987
0.8  10.0987
0.8  9.01074
0.8  9.01074
0.8  9.01074
0.8  9.92893
0.8  9.01074
0.8  9.92893
0.8  10.5016
0.8  10.5016
0.8  15.299
0.8  15.299
0.8  11.2372
0.8  11.2372
0.8  12.1323
0.8  10.3972
0.8  12.1323
0.8  10.3972
0.8  11.8855
0.8  10.762
0.8  11.8855
0.8  10.762
0.8  14.8345
0.8  12.1759
0.8  14.8345
0.8  12.1759
0.8  12.7187
0.8  12.7187
0.8  15.2624
0.8  15.2624
0.8  15.2624
0.8  15.2624
0.8  10.7009
0.8  10.7009
0.8  10.7009
0.8  10.7009
0.8  13.1841
0.8  13.1841
0.8  13.45
0.8  13.45
0.8  11.3965
0.8  11.8465
0.8  11.8465
0.8  11.3965
0.8  11.3965
0.8  11.8465
0.8  11.3965
0.8  11.8465
0.8  13.3456
0.8  13.3456
0.8  11.456
0.8  11.456
0.8  11.456
0.8  11.456
0.8  13.3456
0.8  13.3456
0.8  14.3718
0.8  14.3718
0.8  14.2998
0.8  14.2998
0.8  13.9511
0.8  13.9511
0.8  13.9511
0.8  13.9511
0.8  14.4653
0.8  14.4653
0.8  14.4653
0.8  14.4653
0.8  14.2871
0.8  14.4236
0.8  14.4236
0.8  14.2871
0.8  14.2871
0.8  14.4236
0.8  14.4236
0.8  14.2871
0.85  27.0793
0.85  27.0793
0.85  26.9971
0.85  26.9971
0.85  26.9868
0.85  26.9868
0.85  26.7853
0.85  26.7853
0.85  26.9868
0.85  26.9868
0.85  26.9174
0.85  26.9174
0.85  26.9174
0.85  26.9174
0.85  26.2161
0.85  26.2161
0.85  26.4631
0.85  26.4631
0.85  26.055
0.85  26.055
0.85  26.1658
0.85  26.1658
0.85  26.1658
0.85  25.2583
0.85  26.1658
0.85  25.2583
0.85  25.2222
0.85  25.5992
0.85  25.2222
0.85  25.5992
0.85  25.4627
0.85  24.9818
0.85  25.4627
0.85  24.9818
0.85  25.838
0.85  25.838
0.85  25.838
0.85  24.8551
0.85  25.838
0.85  24.8551
0.85  1.68076
0.85  2.27357
0.85  1.68076
0.85  2.27357
0.85  24.2806
0.85  24.3288
0.85  24.2806
0.85  24.3288
0.85  22.528
0.85  22.528
0.85  24.3369
0.85  24.3369
0.85  24.3369
0.85  24.3369
0.85  23.8385
0.85  23.8385
0.85  22.9508
0.85  22.9508
0.85  24.1086
0.85  24.1086
0.85  24.1086
0.85  24.1086
0.85  23.2378
0.85  23.7769
0.85  23.2378
0.85  23.7769
0.85  23.5013
0.85  23.5013
0.85  23.3843
0.85  23.3843
0.85  23.9547
0.85  23.9547
0.85  23.9547
0.85  23.9547
0.85  23.4133
0.85  23.4133
0.85  23.6623
0.85  23.7162
0.85  23.6623
0.85  23.7162
0.85  23.6623
0.85  23.7162
0.85  23.6623
0.85  23.7162
0.85  23.3823
0.85  23.3823
0.85  23.3823
0.85  23.3823
0.85  22.0916
0.85  22.0916
0.85  21.9863
0.85  21.9863
0.85  22.0916
0.85  21.9863
0.85  22.0916
0.85  21.9863
0.85  20.4498
0.85  20.4498
0.85  20.7874
0.85  20.7874
0.85  20.2254
0.85  20.7874
0.85  20.2254
0.85  20.7874
0.85  19.7045
0.85  19.7045
0.85  19.9611
0.85  19.9611
0.85  17.5421
0.85  17.5421
0.85  17.3574
0.85  17.3574
0.85  19.6948
0.85  19.6948
0.85  18.8413
0.85  18.852
0.85  18.8413
0.85  18.852
0.85  20.0634
0.85  20.0634
0.85  20.0634
0.85  20.0634
0.85  19.3015
0.85  19.3015
0.85  19.3015
0.85  19.3015
0.85  19.9661
0.85  19.9661
0.85  19.9661
0.85  19.9661
0.85  18.116
0.85  18.1405
0.85  18.116
0.85  18.1405
0.85  3.30095
0.85  3.30095
0.85  17.7085
0.85  17.7085
0.85  5.57247
0.85  5.57247
0.85  6.11312
0.85  6.11312
0.85  4.46521
0.85  4.46521
0.85  17.2121
0.85  4.30576
0.85  17.2121
0.85  4.30576
0.85  16.0942
0.85  4.30576
0.85  16.0942
0.85  4.30576
0.85  4.58037
0.85  4.58037
0.85  4.58037
0.85  16.489
0.85  4.58037
0.85  16.489
0.85  7.8485
0.85  7.8485
0.85  7.52969
0.85  7.52969
0.85  15.409
0.85  15.409
0.85  7.01842
0.85  7.01842
0.85  7.01842
0.85  7.01842
0.85  7.55387
0.85  7.55387
0.85  7.55387
0.85  9.59897
0.85  7.55387
0.85  9.59897
0.85  8.86284
0.85  8.79466
0.85  8.79466
0.85  8.86284
0.85  8.40559
0.85  8.40559
0.85  8.40559
0.85  10.0281
0.85  8.40559
0.85  10.0281
0.85  8.91457
0.85  8.91457
0.85  8.91457
0.85  9.98312
0.85  8.91457
0.85  9.98312
0.85  10.5937
0.85  10.5937
0.85  10.3346
0.85  10.3346
0.85  15.1622
0.85  15.1622
0.85  15.1622
0.85  15.1622
0.85  14.7683
0.85  14.7683
0.85  12.1066
0.85  11.1462
0.85  12.1066
0.85  11.1462
0.85  11.9215
0.85  11.9215
0.85  12.7675
0.85  10.9441
0.85  12.7675
0.85  10.9441
0.85  12.0059
0.85  12.0059
0.85  13.1168
0.85  10.7929
0.85  13.1168
0.85  10.7929
0.85  10.7929
0.85  10.7929
0.85  11.3169
0.85  11.3169
0.85  11.3169
0.85  11.3169
0.85  11.7902
0.85  11.4971
0.85  11.7902
0.85  11.4971
0.85  11.4971
0.85  11.7902
0.85  11.4971
0.85  11.7902
0.85  13.5533
0.85  14.4208
0.85  14.4208
0.85  13.5533
0.85  13.4777
0.85  13.4777
0.85  13.4777
0.85  13.4777
0.85  14.1915
0.85  14.1915
0.85  14.5638
0.85  14.5638
0.85  14.5638
0.85  14.5638
0.85  13.9995
0.85  13.9995
0.85  13.9995
0.85  13.9995
0.85  14.2898
0.85  14.2518
0.85  14.2898
0.85  14.2518
0.85  14.2898
0.85  14.2518
0.85  14.2898
0.85  14.2518
0.9  27.0672
0.9  27.0123
0.9  27.0672
0.9  27.0123
0.9  26.738
0.9  26.5231
0.9  26.738
0.9  26.5231
0.9  26.9327
0.9  26.9792
0.9  26.9327
0.9  26.9792
0.9  26.9327
0.9  26.9792
0.9  26.9327
0.9  26.9792
0.9  26.189
0.9  26.189
0.9  26.0815
0.9  26.0815
0.9  25.2552
0.9  25.2314
0.9  25.2314
0.9  25.2552
0.9  26.1138
0.9  26.1138
0.9  26.1138
0.9  26.1138
0.9  25.58
0.9  25.58
0.9  25.4891
0.9  25.4891
0.9  25.8951
0.9  25.8951
0.9  25.8951
0.9  25.8951
0.9  24.9605
0.9  24.9605
0.9  24.8759
0.9  24.8759
0.9  1.7796
0.9  1.7796
0.9  24.3198
0.9  24.2876
0.9  24.3198
0.9  24.2876
0.9  24.2714
0.9  24.2714
0.9  2.17481
0.9  2.17481
0.9  24.2714
0.9  22.6459
0.9  24.2714
0.9  22.6459
0.9  23.7662
0.9  23.7662
0.9  23.0455
0.9  23.0455
0.9  23.1197
0.9  23.1197
0.9  23.4632
0.9  23.4632
0.9  24.0471
0.9  24.0179
0.9  24.0179
0.9  24.0471
0.9  24.0179
0.9  24.0471
0.9  24.0179
0.9  24.0471
0.9  23.7235
0.9  23.7235
0.9  23.4128
0.9  23.4128
0.9  23.481
0.9  23.481
0.9  23.6586
0.9  23.6586
0.9  23.6586
0.9  23.6586
0.9  23.7478
0.9  23.7478
0.9  23.436
0.9  23.436
0.9  23.7478
0.9  23.436
0.9  23.7478
0.9  23.436
0.9  22.0017
0.9  22.0719
0.9  22.0719
0.9  22.0719
0.9  22.0719
0.9  22.0017
0.9  22.0017
0.9  20.3755
0.9  22.0017
0.9  20.3755
0.9  20.1367
0.9  20.0492
0.9  20.1367
0.9  20.0492
0.9  20.668
0.9  20.668
0.9  20.668
0.9  20.668
0.9  19.7892
0.9  19.7892
0.9  17.3844
0.9  17.5076
0.9  17.3844
0.9  17.5076
0.9  18.9927
0.9  18.7242
0.9  18.9927
0.9  18.7242
0.9  19.5553
0.9  19.5553
0.9  20.1847
0.9  20.1847
0.9  20.1847
0.9  20.1847
0.9  18.2566
0.9  18.2566
0.9  19.8537
0.9  19.8537
0.9  19.8537
0.9  19.8537
0.9  18.0549
0.9  18.0549
0.9  19.4102
0.9  19.4102
0.9  19.4102
0.9  19.4102
0.9  3.49506
0.9  3.49506
0.9  5.66458
0.9  5.66458
0.9  6.02534
0.9  6.02534
0.9  17.7829
0.9  17.7829
0.9  4.27124
0.9  4.27124
0.9  17.0923
0.9  17.0923
0.9  4.347
0.9  4.347
0.9  4.347
0.9  4.347
0.9  4.53025
0.9  4.53025
0.9  4.53025
0.9  4.53025
0.9  15.9778
0.9  15.9778
0.9  16.6096
0.9  16.6096
0.9  7.57736
0.9  7.57736
0.9  7.79012
0.9  7.79012
0.9  15.5205
0.9  15.5205
0.9  7.10611
0.9  7.10611
0.9  7.10611
0.9  7.46315
0.9  7.46315
0.9  7.46315
0.9  7.10611
0.9  7.46315
0.9  9.67063
0.9  9.67063
0.9  9.95706
0.9  9.95706
0.9  8.48175
0.9  8.48175
0.9  8.48175
0.9  8.8041
0.9  8.48175
0.9  8.8041
0.9  8.84946
0.9  8.84946
0.9  10.686
0.9  10.0386
0.9  10.686
0.9  10.0386
0.9  10.2731
0.9  10.2731
0.9  8.82144
0.9  8.82144
0.9  8.82144
0.9  8.82144
0.9  11.0547
0.9  11.0547
0.9  12.0794
0.9  12.0794
0.9  11.956
0.9  11.956
0.9  11.125
0.9  12.8191
0.9  11.125
0.9  12.8191
0.9  11.8335
0.9  11.8335
0.9  13.0521
0.9  13.0521
0.9  10.8839
0.9  11.2343
0.9  10.8839
0.9  11.2343
0.9  10.8839
0.9  11.2343
0.9  10.8839
0.9  11.2343
0.9  11.5405
0.9  11.736
0.9  11.736
0.9  11.5405
0.9  11.5405
0.9  11.736
0.9  11.5405
0.9  11.736
0.9  15.062
0.9  15.062
0.9  15.062
0.9  15.062
0.9  14.7043
0.9  14.7043
0.9  13.6577
0.9  14.4724
0.9  13.6577
0.9  14.4724
0.9  14.6628
0.9  14.6628
0.9  14.6628
0.9  14.6628
0.9  13.6118
0.9  13.6118
0.9  13.6118
0.9  14.0835
0.9  14.0835
0.9  13.6118
0.9  14.2146
0.9  14.2146
0.9  14.2146
0.9  14.2146
0.9  14.0463
0.9  14.1548
0.9  14.1548
0.9  14.0463
0.9  14.0463
0.9  14.1548
0.9  14.0463
0.9  14.1548
0.95  27.0544
0.95  1.87842
0.95  2.07603
0.95  27.0544
0.95  27.027
0.95  27.027
0.95  2.07603
0.95  1.87842
0.95  26.688
0.95  26.5805
0.95  26.688
0.95  26.5805
0.95  26.9699
0.95  26.9466
0.95  26.9699
0.95  26.9466
0.95  26.9699
0.95  26.9466
0.95  26.9699
0.95  26.9466
0.95  26.162
0.95  26.1081
0.95  26.162
0.95  26.1081
0.95  25.251
0.95  25.2392
0.95  25.2392
0.95  25.251
0.95  25.5595
0.95  25.5141
0.95  25.5595
0.95  25.5141
0.95  26.0607
0.95  26.0607
0.95  26.0607
0.95  26.0607
0.95  25.9513
0.95  25.9513
0.95  25.9513
0.95  25.9513
0.95  24.9392
0.95  24.8968
0.95  24.9392
0.95  24.8968
0.95  3.68914
0.95  5.75601
0.95  3.68914
0.95  5.75601
0.95  4.07724
0.95  5.93648
0.95  4.07724
0.95  5.93648
0.95  24.3111
0.95  24.2951
0.95  24.3111
0.95  24.2951
0.95  22.7642
0.95  23.0013
0.95  22.7642
0.95  23.0013
0.95  23.1392
0.95  23.6925
0.95  23.1392
0.95  23.6925
0.95  24.207
0.95  24.207
0.95  24.207
0.95  23.3229
0.95  23.3229
0.95  24.207
0.95  24.0807
0.95  24.0807
0.95  24.0807
0.95  24.0807
0.95  23.541
0.95  23.541
0.95  23.6672
0.95  23.6672
0.95  23.9799
0.95  23.9799
0.95  23.9799
0.95  23.546
0.95  23.9799
0.95  23.546
0.95  23.8297
0.95  23.8297
0.95  23.8297
0.95  23.8297
0.95  23.6018
0.95  23.4904
0.95  23.6018
0.95  23.4904
0.95  23.6018
0.95  23.4904
0.95  23.4904
0.95  23.6018
0.95  22.0531
0.95  22.018
0.95  22.018
0.95  22.0531
0.95  22.018
0.95  22.0531
0.95  22.0531
0.95  22.018
0.95  4.4818
0.95  4.39012
0.95  4.39012
0.95  4.4818
0.95  4.4818
0.95  4.39012
0.95  4.4818
0.95  4.39012
0.95  20.1349
0.95  20.0486
0.95  20.1349
0.95  20.0486
0.95  20.2982
0.95  19.8747
0.95  20.2982
0.95  19.8747
0.95  17.4746
0.95  17.4746
0.95  20.5478
0.95  17.4129
0.95  17.4129
0.95  20.5478
0.95  20.5478
0.95  20.5478
0.95  18.6071
0.95  18.3732
0.95  18.6071
0.95  18.3732
0.95  19.1337
0.95  19.1337
0.95  20.3061
0.95  20.3061
0.95  20.3061
0.95  20.3061
0.95  17.9909
0.95  19.4152
0.95  17.9909
0.95  19.4152
0.95  17.8548
0.95  17.8548
0.95  19.7418
0.95  19.7418
0.95  19.7418
0.95  19.7418
0.95  19.52
0.95  19.52
0.95  19.52
0.95  19.52
0.95  16.9719
0.95  16.9719
0.95  16.7304
0.95  16.7304
0.95  15.8621
0.95  15.8621
0.95  7.62731
0.95  7.73375
0.95  7.62731
0.95  7.73375
0.95  15.6333
0.95  15.6333
0.95  7.19445
0.95  7.37299
0.95  7.19445
0.95  7.37299
0.95  7.19445
0.95  7.37299
0.95  7.19445
0.95  7.37299
0.95  9.74239
0.95  9.88571
0.95  9.88571
0.95  9.74239
0.95  8.83692
0.95  8.81427
0.95  8.81427
0.95  8.83692
0.95  8.56153
0.95  8.56153
0.95  8.56153
0.95  8.73149
0.95  8.56153
0.95  8.73149
0.95  8.73149
0.95  8.73149
0.95  10.0954
0.95  10.0954
0.95  10.2127
0.95  10.2127
0.95  10.7783
0.95  10.7783
0.95  12.0508
0.95  11.989
0.95  12.0508
0.95  11.989
0.95  12.8733
0.95  12.9899
0.95  12.9899
0.95  12.8733
0.95  14.6427
0.95  14.5267
0.95  14.6427
0.95  14.5267
0.95  14.9618
0.95  14.9618
0.95  10.9627
0.95  14.9618
0.95  10.9627
0.95  14.9618
0.95  14.7621
0.95  14.7621
0.95  14.7621
0.95  14.7621
0.95  11.3046
0.95  11.3046
0.95  13.763
0.95  13.763
0.95  13.9761
0.95  13.9761
0.95  11.659
0.95  11.659
0.95  10.9738
0.95  11.1493
0.95  10.9738
0.95  11.1493
0.95  10.9738
0.95  11.1493
0.95  10.9738
0.95  11.1493
0.95  11.5861
0.95  11.5861
0.95  11.5861
0.95  11.6839
0.95  11.6839
0.95  11.6839
0.95  11.6839
0.95  11.5861
0.95  14.1753
0.95  14.1753
0.95  14.0912
0.95  14.0912
0.95  14.0912
0.95  14.1753
0.95  14.1753
0.95  14.0912
0.95  13.7471
0.95  14.0191
0.95  13.7471
0.95  13.7471
0.95  14.0191
0.95  14.0191
0.95  14.0191
0.95  13.7471
1  27.041
1  27.041
1  1.97723
1  27.041
1  27.041
1  1.97723
1  26.135
1  1.97723
1  26.135
1  26.135
1  26.6355
1  26.6355
1  26.6355
1  26.6355
1  1.97723
1  26.135
1  26.959
1  26.959
1  25.2457
1  26.959
1  25.2457
1  26.959
1  25.2457
1  26.959
1  25.2457
1  25.5375
1  25.5375
1  26.959
1  25.5375
1  26.959
1  25.5375
1  26.959
1  24.918
1  24.918
1  24.918
1  24.918
1  26.0066
1  26.0066
1  26.0066
1  26.0066
1  26.0066
1  3.8832
1  26.0066
1  3.8832
1  26.0066
1  3.8832
1  26.0066
1  3.8832
1  5.84667
1  5.84667
1  5.84667
1  24.3029
1  24.3029
1  24.3029
1  5.84667
1  24.3029
1  22.8828
1  22.8828
1  22.8828
1  22.8828
1  23.2317
1  23.6174
1  23.2317
1  23.6174
1  23.2317
1  23.6174
1  23.2317
1  23.6174
1  19.9612
1  20.2179
1  19.9612
1  20.2179
1  19.9612
1  20.2179
1  19.9612
1  20.2179
1  17.443
1  23.608
1  17.443
1  23.608
1  17.443
1  23.608
1  17.443
1  23.608
1  18.49
1  19.2746
1  18.49
1  19.2746
1  18.49
1  19.2746
1  18.49
1  19.2746
1  17.9242
1  17.9242
1  17.9242
1  17.9242
1  24.1436
1  24.1436
1  24.1436
1  24.1436
1  24.1436
1  24.1436
1  24.1436
1  24.1436
1  23.9073
1  23.9073
1  23.9073
1  23.9073
1  23.9073
1  23.9073
1  22.0351
1  22.0351
1  22.0351
1  22.0351
1  22.0351
1  22.0351
1  22.0351
1  22.0351
1  23.9073
1  23.9073
1  16.8512
1  16.8512
1  16.8512
1  16.8512
1  23.5457
1  23.5457
1  23.5457
1  15.7472
1  23.5457
1  15.7472
1  23.5457
1  15.7472
1  23.5457
1  15.7472
1  23.5457
1  23.5457
1  7.67946
1  7.67946
1  20.4272
1  20.4272
1  7.67946
1  20.4272
1  7.67946
1  20.4272
1  20.4272
1  20.4272
1  20.4272
1  20.4272
1  19.6305
1  19.6305
1  19.6305
1  19.6305
1  19.6305
1  19.6305
1  19.6305
1  4.43507
1  19.6305
1  4.43507
1  4.43507
1  4.43507
1  9.81412
1  4.43507
1  9.81412
1  4.43507
1  9.81412
1  4.43507
1  9.81412
1  4.43507
1  8.8252
1  10.1534
1  8.8252
1  10.1534
1  8.8252
1  10.1534
1  8.8252
1  10.1534
1  10.8706
1  12.0206
1  12.0206
1  10.8706
1  10.8706
1  12.0206
1  10.8706
1  12.0206
1  7.28341
1  12.9303
1  12.9303
1  7.28341
1  7.28341
1  7.28341
1  7.28341
1  7.28341
1  7.28341
1  7.28341
1  12.9303
1  12.9303
1  8.64481
1  8.64481
1  8.64481
1  14.5835
1  14.5835
1  14.5835
1  14.5835
1  8.64481
1  8.64481
1  11.4826
1  8.64481
1  11.4826
1  8.64481
1  11.4826
1  8.64481
1  11.4826
1  14.8618
1  14.8618
1  14.8618
1  13.8692
1  14.8618
1  13.8692
1  13.8692
1  14.8618
1  14.8618
1  13.8692
1  14.8618
1  14.8618
1  11.0623
1  11.0623
1  11.0623
1  11.0623
1  11.0623
1  11.0623
1  11.0623
1  11.0623
1  11.6339
1  11.6339
1  11.6339
1  11.6339
1  11.6339
1  11.6339
1  11.6339
1  11.6339
1  14.1342
1  14.1342
1  14.1342
1  14.1342
1  14.1342
1  14.1342
1  14.1342
1  14.1342
1  13.883
1  13.883
1  13.883
1  13.883
1  13.883
1  13.883
1  13.883
1  13.883
